Total Pemasukan,Total Pengeluaran,Is_Expense,Kategori,Keuntungan Aktual
50000000,0,0,0,50000000
20531000,0,0,0,20531000
0,12340000,1,3,-12340000
0,9927000,1,3,-9927000
19861000,0,0,0,19861000
0,10067000,1,1,-10067000
0,16696000,1,1,-16696000
0,18185000,1,1,-18185000
21470000,0,0,2,21470000
21874000,0,0,2,21874000
0,10782000,1,3,-10782000
0,5592000,1,1,-5592000
23353000,0,0,0,23353000
0,9862000,1,3,-9862000
0,6339000,1,3,-6339000
24165000,0,0,0,24165000
0,15213000,1,3,-15213000
23889000,0,0,2,23889000
0,8392000,1,1,-8392000
0,16895000,1,1,-16895000
0,19170000,1,3,-19170000
23050000,0,0,0,23050000
22487000,0,0,0,22487000
24424000,0,0,2,24424000
23715000,0,0,2,23715000
23367000,0,0,0,23367000
24615000,0,0,0,24615000
0,12723000,1,1,-12723000
25437000,0,0,0,25437000
0,9817000,1,3,-9817000
0,13730000,1,3,-13730000
27204000,0,0,0,27204000
29130000,0,0,0,29130000
30727000,0,0,0,30727000
31544000,0,0,0,31544000
0,12703000,1,1,-12703000
33281000,0,0,2,33281000
0,9296000,1,3,-9296000
0,11932000,1,1,-11932000
0,8941000,1,3,-8941000
34469000,0,0,2,34469000
34430000,0,0,2,34430000
0,13129000,1,1,-13129000
34846000,0,0,2,34846000
0,7987000,1,1,-7987000
0,18581000,1,3,-18581000
0,17383000,1,1,-17383000
0,9720000,1,3,-9720000
36713000,0,0,2,36713000
36965000,0,0,2,36965000
36322000,0,0,2,36322000
0,17833000,1,3,-17833000
36989000,0,0,2,36989000
37318000,0,0,0,37318000
38567000,0,0,2,38567000
0,11127000,1,1,-11127000
0,18193000,1,3,-18193000
0,6966000,1,3,-6966000
37862000,0,0,0,37862000
39364000,0,0,2,39364000
0,19840000,1,1,-19840000
38774000,0,0,2,38774000
0,16439000,1,3,-16439000
0,19727000,1,1,-19727000
0,6880000,1,3,-6880000
0,19042000,1,1,-19042000
0,16669000,1,3,-16669000
0,18959000,1,3,-18959000
0,9672000,1,1,-9672000
0,9332000,1,1,-9332000
0,5139000,1,1,-5139000
40000000,0,0,0,40000000
40000000,0,0,0,40000000
0,19005000,1,3,-19005000
0,17169000,1,3,-17169000
0,10860000,1,1,-10860000
0,12002000,1,1,-12002000
0,13500000,1,3,-13500000
40000000,0,0,2,40000000
40000000,0,0,0,40000000
0,8612000,1,1,-8612000
39172000,0,0,0,39172000
0,19084000,1,3,-19084000
40000000,0,0,2,40000000
40000000,0,0,0,40000000
0,14230000,1,3,-14230000
40000000,0,0,0,40000000
0,10253000,1,1,-10253000
39494000,0,0,0,39494000
40000000,0,0,0,40000000
0,5176000,1,3,-5176000
40000000,0,0,2,40000000
39202000,0,0,0,39202000
0,5038000,1,3,-5038000
0,17618000,1,1,-17618000
0,14052000,1,3,-14052000
0,8359000,1,1,-8359000
0,14722000,1,3,-14722000
0,10402000,1,3,-10402000
0,15612000,1,1,-15612000
0,7740000,1,1,-7740000
39044000,0,0,2,39044000
39865000,0,0,0,39865000
0,13936000,1,1,-13936000
0,17203000,1,3,-17203000
0,17143000,1,3,-17143000
39109000,0,0,2,39109000
39506000,0,0,2,39506000
0,7925000,1,3,-7925000
0,15958000,1,3,-15958000
40000000,0,0,0,40000000
40000000,0,0,2,40000000
40000000,0,0,0,40000000
0,19127000,1,3,-19127000
0,17476000,1,3,-17476000
0,8368000,1,1,-8368000
0,18014000,1,1,-18014000
39672000,0,0,0,39672000
40000000,0,0,2,40000000
39385000,0,0,2,39385000
38563000,0,0,0,38563000
0,12058000,1,3,-12058000
0,18482000,1,1,-18482000
0,19049000,1,1,-19049000
38102000,0,0,2,38102000
38325000,0,0,0,38325000
0,17790000,1,3,-17790000
39715000,0,0,2,39715000
40000000,0,0,0,40000000
40000000,0,0,0,40000000
0,7681000,1,1,-7681000
0,6328000,1,3,-6328000
40000000,0,0,0,40000000
40000000,0,0,0,40000000
0,19392000,1,3,-19392000
0,8703000,1,3,-8703000
40000000,0,0,2,40000000
0,17770000,1,1,-17770000
39343000,0,0,0,39343000
40000000,0,0,2,40000000
0,8614000,1,3,-8614000
39408000,0,0,0,39408000
40000000,0,0,0,40000000
0,7367000,1,3,-7367000
0,15521000,1,3,-15521000
0,8961000,1,1,-8961000
40000000,0,0,0,40000000
40000000,0,0,0,40000000
0,13573000,1,3,-13573000
39451000,0,0,0,39451000
0,9839000,1,1,-9839000
0,5514000,1,1,-5514000
0,6568000,1,1,-6568000
0,11991000,1,3,-11991000
0,16654000,1,1,-16654000
0,12675000,1,3,-12675000
40000000,0,0,0,40000000
0,15179000,1,1,-15179000
0,12076000,1,1,-12076000
0,6036000,1,3,-6036000
40000000,0,0,0,40000000
39444000,0,0,2,39444000
0,12948000,1,1,-12948000
39257000,0,0,2,39257000
38893000,0,0,2,38893000
38828000,0,0,2,38828000
39790000,0,0,0,39790000
0,9184000,1,3,-9184000
39136000,0,0,2,39136000
0,13684000,1,1,-13684000
0,10481000,1,1,-10481000
0,7949000,1,1,-7949000
0,16339000,1,3,-16339000
39728000,0,0,0,39728000
0,7031000,1,3,-7031000
40000000,0,0,2,40000000
0,19489000,1,3,-19489000
39185000,0,0,0,39185000
38287000,0,0,0,38287000
0,6919000,1,1,-6919000
38520000,0,0,0,38520000
40000000,0,0,0,40000000
0,19297000,1,3,-19297000
0,14154000,1,1,-14154000
40000000,0,0,2,40000000
39076000,0,0,0,39076000
0,15499000,1,3,-15499000
40000000,0,0,0,40000000
40000000,0,0,0,40000000
0,18806000,1,3,-18806000
40000000,0,0,0,40000000
0,19703000,1,3,-19703000
0,15741000,1,1,-15741000
40000000,0,0,2,40000000
0,7119000,1,1,-7119000
40000000,0,0,2,40000000
40000000,0,0,0,40000000
0,11917000,1,1,-11917000
0,10613000,1,1,-10613000
0,14459000,1,1,-14459000
40000000,0,0,2,40000000
0,14938000,1,1,-14938000
40000000,0,0,2,40000000
40000000,0,0,2,40000000
40000000,0,0,0,40000000
0,19095000,1,3,-19095000
0,18281000,1,1,-18281000
0,19369000,1,1,-19369000
0,16972000,1,3,-16972000
0,18007000,1,1,-18007000
0,8126000,1,3,-8126000
40000000,0,0,0,40000000
39719000,0,0,2,39719000
40000000,0,0,2,40000000
40000000,0,0,0,40000000
39430000,0,0,0,39430000
0,10290000,1,1,-10290000
0,17697000,1,3,-17697000
0,5365000,1,3,-5365000
38930000,0,0,2,38930000
39871000,0,0,2,39871000
39678000,0,0,0,39678000
40000000,0,0,0,40000000
0,9134000,1,3,-9134000
40000000,0,0,2,40000000
40000000,0,0,0,40000000
0,15113000,1,1,-15113000
39580000,0,0,2,39580000
40000000,0,0,0,40000000
0,6469000,1,3,-6469000
40000000,0,0,0,40000000
40000000,0,0,0,40000000
0,12853000,1,3,-12853000
0,5069000,1,3,-5069000
0,13075000,1,1,-13075000
39640000,0,0,2,39640000
39444000,0,0,0,39444000
39457000,0,0,0,39457000
0,14889000,1,3,-14889000
39414000,0,0,0,39414000
0,5705000,1,3,-5705000
0,10621000,1,1,-10621000
0,15432000,1,1,-15432000
0,19654000,1,3,-19654000
40000000,0,0,2,40000000
0,14795000,1,1,-14795000
0,16625000,1,3,-16625000
40000000,0,0,0,40000000
0,17238000,1,3,-17238000
0,8329000,1,3,-8329000
0,10588000,1,3,-10588000
40000000,0,0,2,40000000
39608000,0,0,2,39608000
0,6778000,1,1,-6778000
0,5503000,1,1,-5503000
40000000,0,0,0,40000000
40000000,0,0,0,40000000
40000000,0,0,2,40000000
39062000,0,0,0,39062000
0,10571000,1,3,-10571000
40000000,0,0,2,40000000
40000000,0,0,2,40000000
0,13711000,1,3,-13711000
0,13119000,1,3,-13119000
0,14752000,1,3,-14752000
0,9100000,1,3,-9100000
0,8285000,1,3,-8285000
39317000,0,0,2,39317000
0,13389000,1,3,-13389000
39750000,0,0,2,39750000
40000000,0,0,0,40000000
39402000,0,0,0,39402000
40000000,0,0,2,40000000
0,12367000,1,3,-12367000
0,14696000,1,3,-14696000
0,7776000,1,3,-7776000
0,14148000,1,1,-14148000
0,19399000,1,3,-19399000
0,18727000,1,3,-18727000
0,14417000,1,1,-14417000
0,9215000,1,3,-9215000
0,10294000,1,1,-10294000
40000000,0,0,2,40000000
0,15142000,1,3,-15142000
0,15526000,1,1,-15526000
40000000,0,0,2,40000000
0,13287000,1,3,-13287000
40000000,0,0,0,40000000
40000000,0,0,2,40000000
39331000,0,0,2,39331000
0,11007000,1,3,-11007000
0,19166000,1,3,-19166000
0,19563000,1,1,-19563000
0,5082000,1,3,-5082000
40000000,0,0,2,40000000
0,5200000,1,1,-5200000
40000000,0,0,0,40000000
39717000,0,0,0,39717000
38749000,0,0,2,38749000
0,11274000,1,3,-11274000
38133000,0,0,2,38133000
0,11188000,1,3,-11188000
39888000,0,0,2,39888000
40000000,0,0,0,40000000
0,7127000,1,3,-7127000
40000000,0,0,0,40000000
40000000,0,0,2,40000000
40000000,0,0,0,40000000
0,16525000,1,1,-16525000
0,16505000,1,1,-16505000
0,11311000,1,1,-11311000
0,9364000,1,1,-9364000
39257000,0,0,0,39257000
40000000,0,0,0,40000000
40000000,0,0,0,40000000
40000000,0,0,0,40000000
0,6457000,1,1,-6457000
40000000,0,0,0,40000000
0,15022000,1,3,-15022000
40000000,0,0,2,40000000
0,16273000,1,1,-16273000
40000000,0,0,0,40000000
40000000,0,0,0,40000000
0,11839000,1,1,-11839000
0,13345000,1,1,-13345000
39190000,0,0,0,39190000
40000000,0,0,0,40000000
40000000,0,0,0,40000000
40000000,0,0,0,40000000
39937000,0,0,0,39937000
40000000,0,0,0,40000000
39226000,0,0,2,39226000
40000000,0,0,2,40000000
0,9672000,1,1,-9672000
0,19396000,1,1,-19396000
0,5863000,1,3,-5863000
40000000,0,0,0,40000000
39971000,0,0,0,39971000
40000000,0,0,0,40000000
39809000,0,0,0,39809000
39807000,0,0,0,39807000
0,5802000,1,1,-5802000
38828000,0,0,0,38828000
0,8669000,1,3,-8669000
40000000,0,0,0,40000000
0,18327000,1,3,-18327000
0,6891000,1,3,-6891000
0,17640000,1,3,-17640000
0,11215000,1,3,-11215000
40000000,0,0,2,40000000
0,18821000,1,3,-18821000
0,14718000,1,1,-14718000
0,16489000,1,1,-16489000
40000000,0,0,0,40000000
40000000,0,0,0,40000000
0,17051000,1,3,-17051000
0,17766000,1,1,-17766000
0,16142000,1,3,-16142000
40000000,0,0,0,40000000
40000000,0,0,2,40000000
40000000,0,0,2,40000000
40000000,0,0,0,40000000
0,19915000,1,1,-19915000
0,19164000,1,1,-19164000
0,17312000,1,1,-17312000
0,18400000,1,3,-18400000
0,19762000,1,1,-19762000
39372000,0,0,0,39372000
40000000,0,0,2,40000000
40000000,0,0,2,40000000
0,6613000,1,1,-6613000
40000000,0,0,0,40000000
0,11021000,1,3,-11021000
40000000,0,0,2,40000000
39401000,0,0,2,39401000
0,16812000,1,1,-16812000
40000000,0,0,2,40000000
0,9178000,1,3,-9178000
0,12374000,1,3,-12374000
0,17378000,1,3,-17378000
0,8851000,1,1,-8851000
40000000,0,0,0,40000000
0,11327000,1,1,-11327000
39065000,0,0,2,39065000
0,18874000,1,3,-18874000
39744000,0,0,0,39744000
0,7447000,1,1,-7447000
0,16288000,1,3,-16288000
0,8111000,1,3,-8111000
39067000,0,0,2,39067000
38966000,0,0,2,38966000
40000000,0,0,0,40000000
39866000,0,0,0,39866000
40000000,0,0,2,40000000
0,12730000,1,3,-12730000
40000000,0,0,2,40000000
40000000,0,0,0,40000000
40000000,0,0,2,40000000
0,8180000,1,3,-8180000
0,10246000,1,1,-10246000
0,7405000,1,3,-7405000
40000000,0,0,2,40000000
40000000,0,0,0,40000000
39970000,0,0,0,39970000
0,12593000,1,1,-12593000
39100000,0,0,2,39100000
0,13520000,1,3,-13520000
0,16352000,1,1,-16352000
0,8956000,1,1,-8956000
38952000,0,0,2,38952000
0,5044000,1,3,-5044000
0,5646000,1,3,-5646000
38146000,0,0,2,38146000
40000000,0,0,2,40000000
40000000,0,0,0,40000000
40000000,0,0,0,40000000
0,18638000,1,3,-18638000
0,13572000,1,3,-13572000
40000000,0,0,2,40000000
0,9301000,1,1,-9301000
40000000,0,0,2,40000000
0,15605000,1,3,-15605000
0,19792000,1,1,-19792000
0,11652000,1,1,-11652000
0,17034000,1,1,-17034000
0,12632000,1,1,-12632000
40000000,0,0,0,40000000
40000000,0,0,2,40000000
39493000,0,0,2,39493000
0,7000000,1,3,-7000000
0,6686000,1,1,-6686000
0,10388000,1,1,-10388000
0,6727000,1,3,-6727000
0,17948000,1,3,-17948000
38641000,0,0,0,38641000
37966000,0,0,0,37966000
0,15807000,1,1,-15807000
0,10191000,1,1,-10191000
39027000,0,0,0,39027000
0,8095000,1,1,-8095000
0,18727000,1,1,-18727000
40000000,0,0,2,40000000
0,9874000,1,3,-9874000
40000000,0,0,2,40000000
0,7726000,1,3,-7726000
39698000,0,0,2,39698000
0,8069000,1,3,-8069000
0,17416000,1,1,-17416000
0,10346000,1,3,-10346000
39824000,0,0,2,39824000
39557000,0,0,0,39557000
40000000,0,0,2,40000000
0,11407000,1,1,-11407000
0,15931000,1,1,-15931000
0,12915000,1,3,-12915000
0,8323000,1,1,-8323000
0,8066000,1,1,-8066000
0,6839000,1,1,-6839000
0,7310000,1,3,-7310000
40000000,0,0,2,40000000
39342000,0,0,2,39342000
38708000,0,0,2,38708000
0,15782000,1,3,-15782000
38262000,0,0,2,38262000
0,8357000,1,1,-8357000
0,8340000,1,3,-8340000
0,14641000,1,1,-14641000
40000000,0,0,2,40000000
39505000,0,0,2,39505000
40000000,0,0,2,40000000
40000000,0,0,2,40000000
40000000,0,0,0,40000000
0,19470000,1,1,-19470000
40000000,0,0,0,40000000
0,15375000,1,1,-15375000
0,14693000,1,1,-14693000
39472000,0,0,2,39472000
40000000,0,0,2,40000000
0,5401000,1,1,-5401000
40000000,0,0,2,40000000
0,5686000,1,3,-5686000
0,13089000,1,1,-13089000
40000000,0,0,2,40000000
40000000,0,0,2,40000000
0,6206000,1,3,-6206000
0,13055000,1,3,-13055000
0,5648000,1,3,-5648000
39394000,0,0,0,39394000
39732000,0,0,0,39732000
40000000,0,0,2,40000000
39856000,0,0,0,39856000
0,9133000,1,3,-9133000
40000000,0,0,2,40000000
39658000,0,0,0,39658000
0,7895000,1,1,-7895000
0,19366000,1,3,-19366000
0,13168000,1,3,-13168000
0,9920000,1,1,-9920000
39362000,0,0,2,39362000
0,19297000,1,3,-19297000
0,6758000,1,1,-6758000
40000000,0,0,2,40000000
0,5677000,1,1,-5677000
40000000,0,0,0,40000000
0,11606000,1,1,-11606000
0,18177000,1,3,-18177000
0,17162000,1,1,-17162000
40000000,0,0,2,40000000
0,17100000,1,1,-17100000
0,17441000,1,3,-17441000
39553000,0,0,0,39553000
40000000,0,0,2,40000000
0,6026000,1,1,-6026000
40000000,0,0,0,40000000
40000000,0,0,0,40000000
39329000,0,0,0,39329000
0,8081000,1,3,-8081000
40000000,0,0,2,40000000
0,12698000,1,3,-12698000
40000000,0,0,2,40000000
0,13226000,1,1,-13226000
39036000,0,0,2,39036000
38808000,0,0,2,38808000
39855000,0,0,2,39855000
0,7418000,1,3,-7418000
39478000,0,0,2,39478000
0,16294000,1,1,-16294000
40000000,0,0,0,40000000
40000000,0,0,0,40000000
39028000,0,0,2,39028000
39483000,0,0,0,39483000
0,5764000,1,3,-5764000
0,15792000,1,1,-15792000
0,10076000,1,3,-10076000
0,8577000,1,1,-8577000
40000000,0,0,2,40000000
40000000,0,0,0,40000000
39427000,0,0,2,39427000
39001000,0,0,0,39001000
40000000,0,0,0,40000000
39174000,0,0,2,39174000
0,17290000,1,3,-17290000
39610000,0,0,2,39610000
0,5537000,1,1,-5537000
0,8720000,1,3,-8720000
39829000,0,0,2,39829000
40000000,0,0,2,40000000
0,5335000,1,3,-5335000
0,15024000,1,1,-15024000
39716000,0,0,0,39716000
0,10994000,1,3,-10994000
39062000,0,0,0,39062000
0,7938000,1,1,-7938000
0,7079000,1,1,-7079000
0,10370000,1,3,-10370000
38913000,0,0,0,38913000
38857000,0,0,0,38857000
0,8045000,1,1,-8045000
0,14898000,1,1,-14898000
0,6024000,1,1,-6024000
39654000,0,0,0,39654000
0,19208000,1,1,-19208000
40000000,0,0,2,40000000
39111000,0,0,0,39111000
0,13953000,1,1,-13953000
38389000,0,0,2,38389000
0,9148000,1,1,-9148000
38767000,0,0,0,38767000
0,9600000,1,1,-9600000
38534000,0,0,2,38534000
0,8204000,1,1,-8204000
0,18135000,1,3,-18135000
39355000,0,0,0,39355000
0,7819000,1,1,-7819000
38578000,0,0,0,38578000
0,13810000,1,1,-13810000
38677000,0,0,2,38677000
0,17734000,1,1,-17734000
38646000,0,0,2,38646000
0,6125000,1,1,-6125000
0,5240000,1,1,-5240000
0,6935000,1,1,-6935000
0,15159000,1,1,-15159000
39884000,0,0,2,39884000
0,13594000,1,1,-13594000
0,19474000,1,3,-19474000
0,5632000,1,3,-5632000
40000000,0,0,2,40000000
40000000,0,0,2,40000000
0,9542000,1,1,-9542000
0,11520000,1,1,-11520000
0,16202000,1,3,-16202000
40000000,0,0,2,40000000
0,17303000,1,1,-17303000
0,12974000,1,3,-12974000
40000000,0,0,2,40000000
0,18835000,1,1,-18835000
40000000,0,0,2,40000000
39070000,0,0,2,39070000
38188000,0,0,2,38188000
39343000,0,0,2,39343000
39319000,0,0,2,39319000
39155000,0,0,2,39155000
40000000,0,0,2,40000000
0,8100000,1,1,-8100000
39732000,0,0,0,39732000
0,7365000,1,3,-7365000
0,14188000,1,3,-14188000
40000000,0,0,2,40000000
39221000,0,0,0,39221000
40000000,0,0,0,40000000
0,7609000,1,3,-7609000
0,17013000,1,3,-17013000
0,14356000,1,3,-14356000
0,5997000,1,1,-5997000
0,11987000,1,3,-11987000
40000000,0,0,0,40000000
0,6261000,1,1,-6261000
0,7756000,1,3,-7756000
40000000,0,0,2,40000000
40000000,0,0,0,40000000
40000000,0,0,0,40000000
0,11976000,1,1,-11976000
39919000,0,0,2,39919000
0,5070000,1,1,-5070000
0,10353000,1,3,-10353000
40000000,0,0,0,40000000
40000000,0,0,0,40000000
0,11375000,1,1,-11375000
0,8047000,1,1,-8047000
0,11681000,1,1,-11681000
0,12610000,1,1,-12610000
39650000,0,0,0,39650000
0,15408000,1,1,-15408000
0,8208000,1,1,-8208000
40000000,0,0,0,40000000
40000000,0,0,0,40000000
40000000,0,0,2,40000000
40000000,0,0,0,40000000
39592000,0,0,0,39592000
40000000,0,0,0,40000000
0,10846000,1,3,-10846000
0,5445000,1,3,-5445000
0,5643000,1,1,-5643000
0,17650000,1,3,-17650000
40000000,0,0,0,40000000
40000000,0,0,2,40000000
0,16229000,1,1,-16229000
39294000,0,0,2,39294000
39289000,0,0,0,39289000
40000000,0,0,2,40000000
40000000,0,0,0,40000000
0,10302000,1,1,-10302000
39677000,0,0,2,39677000
0,13475000,1,3,-13475000
40000000,0,0,0,40000000
0,19063000,1,1,-19063000
40000000,0,0,0,40000000
0,9789000,1,3,-9789000
0,10334000,1,3,-10334000
0,12651000,1,3,-12651000
0,14532000,1,3,-14532000
40000000,0,0,2,40000000
0,13194000,1,3,-13194000
0,18090000,1,3,-18090000
40000000,0,0,2,40000000
40000000,0,0,2,40000000
0,19162000,1,3,-19162000
39990000,0,0,0,39990000
40000000,0,0,2,40000000
40000000,0,0,2,40000000
40000000,0,0,0,40000000
0,8204000,1,3,-8204000
0,18165000,1,1,-18165000
40000000,0,0,2,40000000
0,5991000,1,1,-5991000
0,16478000,1,1,-16478000
39191000,0,0,0,39191000
39828000,0,0,0,39828000
39639000,0,0,2,39639000
0,18930000,1,3,-18930000
39081000,0,0,0,39081000
38960000,0,0,2,38960000
0,6763000,1,1,-6763000
0,16514000,1,1,-16514000
0,16722000,1,3,-16722000
0,14168000,1,3,-14168000
0,14144000,1,1,-14144000
40000000,0,0,2,40000000
40000000,0,0,0,40000000
40000000,0,0,0,40000000
40000000,0,0,0,40000000
0,8080000,1,3,-8080000
0,9162000,1,1,-9162000
39686000,0,0,2,39686000
39975000,0,0,0,39975000
0,16426000,1,3,-16426000
40000000,0,0,2,40000000
0,15233000,1,3,-15233000
40000000,0,0,2,40000000
40000000,0,0,0,40000000
39256000,0,0,2,39256000
40000000,0,0,2,40000000
0,10673000,1,3,-10673000
0,19362000,1,3,-19362000
0,5800000,1,1,-5800000
40000000,0,0,2,40000000
0,9111000,1,1,-9111000
39553000,0,0,2,39553000
39900000,0,0,0,39900000
0,11664000,1,3,-11664000
0,16456000,1,3,-16456000
40000000,0,0,0,40000000
40000000,0,0,0,40000000
0,6992000,1,1,-6992000
40000000,0,0,0,40000000
39319000,0,0,0,39319000
0,9007000,1,1,-9007000
0,10766000,1,1,-10766000
0,11073000,1,3,-11073000
0,7683000,1,1,-7683000
0,17702000,1,1,-17702000
0,5677000,1,3,-5677000
38682000,0,0,2,38682000
39542000,0,0,0,39542000
39514000,0,0,2,39514000
0,16473000,1,1,-16473000
38659000,0,0,0,38659000
0,6137000,1,1,-6137000
39540000,0,0,0,39540000
40000000,0,0,0,40000000
40000000,0,0,0,40000000
0,10166000,1,1,-10166000
0,13813000,1,3,-13813000
0,16224000,1,1,-16224000
40000000,0,0,2,40000000
0,6296000,1,3,-6296000
40000000,0,0,2,40000000
40000000,0,0,0,40000000
0,15687000,1,3,-15687000
39156000,0,0,0,39156000
40000000,0,0,0,40000000
39609000,0,0,0,39609000
38768000,0,0,2,38768000
0,16243000,1,1,-16243000
0,18218000,1,1,-18218000
0,11635000,1,3,-11635000
38774000,0,0,2,38774000
0,12334000,1,3,-12334000
0,9482000,1,3,-9482000
38888000,0,0,2,38888000
39098000,0,0,0,39098000
0,16033000,1,3,-16033000
39681000,0,0,0,39681000
0,7284000,1,1,-7284000
39640000,0,0,2,39640000
40000000,0,0,2,40000000
40000000,0,0,0,40000000
39141000,0,0,2,39141000
39389000,0,0,2,39389000
0,16577000,1,3,-16577000
0,14746000,1,3,-14746000
0,15963000,1,1,-15963000
0,14493000,1,1,-14493000
40000000,0,0,2,40000000
40000000,0,0,2,40000000
0,16163000,1,3,-16163000
0,15341000,1,1,-15341000
0,9507000,1,3,-9507000
39744000,0,0,0,39744000
0,14251000,1,1,-14251000
0,6632000,1,3,-6632000
0,8904000,1,1,-8904000
40000000,0,0,2,40000000
40000000,0,0,2,40000000
0,18892000,1,3,-18892000
0,14671000,1,3,-14671000
40000000,0,0,2,40000000
0,6559000,1,3,-6559000
0,10035000,1,3,-10035000
0,7980000,1,3,-7980000
40000000,0,0,2,40000000
40000000,0,0,0,40000000
40000000,0,0,0,40000000
0,19957000,1,1,-19957000
0,13273000,1,3,-13273000
0,16227000,1,1,-16227000
39693000,0,0,0,39693000
39915000,0,0,2,39915000
40000000,0,0,2,40000000
0,9804000,1,3,-9804000
40000000,0,0,2,40000000
0,9022000,1,1,-9022000
0,11020000,1,3,-11020000
0,17703000,1,3,-17703000
39599000,0,0,0,39599000
40000000,0,0,0,40000000
40000000,0,0,0,40000000
40000000,0,0,0,40000000
0,14765000,1,3,-14765000
0,12000000,1,3,-12000000
39684000,0,0,0,39684000
0,14432000,1,3,-14432000
0,5701000,1,3,-5701000
38810000,0,0,0,38810000
40000000,0,0,2,40000000
39407000,0,0,0,39407000
0,17909000,1,3,-17909000
0,8011000,1,1,-8011000
38962000,0,0,2,38962000
0,17843000,1,1,-17843000
0,17808000,1,1,-17808000
39148000,0,0,2,39148000
0,7390000,1,1,-7390000
0,15777000,1,3,-15777000
0,8445000,1,1,-8445000
0,15283000,1,3,-15283000
0,12581000,1,1,-12581000
38232000,0,0,2,38232000
0,5104000,1,1,-5104000
0,12840000,1,3,-12840000
39539000,0,0,0,39539000
0,5664000,1,3,-5664000
0,13275000,1,3,-13275000
0,9853000,1,3,-9853000
40000000,0,0,0,40000000
0,19997000,1,1,-19997000
0,9330000,1,1,-9330000
40000000,0,0,0,40000000
0,12576000,1,3,-12576000
40000000,0,0,2,40000000
0,14087000,1,1,-14087000
39004000,0,0,0,39004000
39524000,0,0,0,39524000
0,15810000,1,1,-15810000
39393000,0,0,0,39393000
0,11723000,1,3,-11723000
40000000,0,0,2,40000000
0,9805000,1,3,-9805000
0,15435000,1,3,-15435000
0,16346000,1,3,-16346000
40000000,0,0,0,40000000
0,10951000,1,1,-10951000
39694000,0,0,0,39694000
0,11667000,1,1,-11667000
0,19838000,1,1,-19838000
0,13588000,1,1,-13588000
0,16838000,1,1,-16838000
40000000,0,0,0,40000000
0,7335000,1,1,-7335000
40000000,0,0,2,40000000
0,6783000,1,3,-6783000
0,9854000,1,1,-9854000
0,18307000,1,3,-18307000
0,7687000,1,3,-7687000
0,8770000,1,1,-8770000
40000000,0,0,0,40000000
39594000,0,0,0,39594000
40000000,0,0,2,40000000
0,19112000,1,1,-19112000
40000000,0,0,2,40000000
40000000,0,0,2,40000000
40000000,0,0,2,40000000
0,8737000,1,3,-8737000
0,11198000,1,3,-11198000
40000000,0,0,0,40000000
40000000,0,0,0,40000000
0,14360000,1,3,-14360000
0,13032000,1,1,-13032000
40000000,0,0,2,40000000
0,14458000,1,3,-14458000
0,14877000,1,3,-14877000
39784000,0,0,2,39784000
40000000,0,0,0,40000000
0,8375000,1,3,-8375000
0,9666000,1,3,-9666000
0,16830000,1,3,-16830000
0,14650000,1,3,-14650000
0,9730000,1,1,-9730000
39157000,0,0,0,39157000
40000000,0,0,2,40000000
0,19589000,1,3,-19589000
40000000,0,0,0,40000000
39144000,0,0,0,39144000
39546000,0,0,2,39546000
38588000,0,0,0,38588000
39312000,0,0,2,39312000
40000000,0,0,0,40000000
39038000,0,0,0,39038000
38097000,0,0,0,38097000
37541000,0,0,0,37541000
37125000,0,0,2,37125000
36145000,0,0,2,36145000
0,19210000,1,3,-19210000
37792000,0,0,2,37792000
0,8952000,1,1,-8952000
0,14775000,1,1,-14775000
39081000,0,0,2,39081000
0,19792000,1,3,-19792000
39135000,0,0,0,39135000
39878000,0,0,0,39878000
0,12595000,1,3,-12595000
40000000,0,0,0,40000000
40000000,0,0,2,40000000
40000000,0,0,2,40000000
0,17929000,1,3,-17929000
0,9510000,1,3,-9510000
0,6063000,1,1,-6063000
0,16505000,1,3,-16505000
0,18334000,1,3,-18334000
40000000,0,0,2,40000000
0,10746000,1,1,-10746000
39862000,0,0,2,39862000
0,16088000,1,3,-16088000
39649000,0,0,2,39649000
0,13406000,1,3,-13406000
0,16550000,1,1,-16550000
0,10652000,1,3,-10652000
0,19859000,1,3,-19859000
40000000,0,0,0,40000000
40000000,0,0,0,40000000
40000000,0,0,2,40000000
0,9044000,1,1,-9044000
39899000,0,0,0,39899000
39718000,0,0,2,39718000
40000000,0,0,2,40000000
40000000,0,0,2,40000000
39317000,0,0,2,39317000
40000000,0,0,2,40000000
0,18878000,1,1,-18878000
0,11274000,1,3,-11274000
40000000,0,0,0,40000000
0,10449000,1,1,-10449000
0,16727000,1,1,-16727000
0,8450000,1,1,-8450000
40000000,0,0,2,40000000
39199000,0,0,2,39199000
40000000,0,0,2,40000000
40000000,0,0,0,40000000
40000000,0,0,2,40000000
39401000,0,0,0,39401000
0,10745000,1,3,-10745000
39230000,0,0,0,39230000
0,13435000,1,1,-13435000
40000000,0,0,0,40000000
0,14139000,1,1,-14139000
40000000,0,0,2,40000000
0,9918000,1,3,-9918000
0,12595000,1,3,-12595000
39940000,0,0,2,39940000
40000000,0,0,0,40000000
40000000,0,0,2,40000000
0,13677000,1,3,-13677000
0,12766000,1,1,-12766000
0,19492000,1,3,-19492000
40000000,0,0,2,40000000
40000000,0,0,2,40000000
39857000,0,0,2,39857000
0,16334000,1,3,-16334000
0,16430000,1,1,-16430000
39469000,0,0,2,39469000
0,5505000,1,3,-5505000
38754000,0,0,2,38754000
0,7157000,1,1,-7157000
39006000,0,0,2,39006000
0,16127000,1,3,-16127000
0,17179000,1,3,-17179000
0,13399000,1,3,-13399000
39654000,0,0,0,39654000
0,19873000,1,3,-19873000
39083000,0,0,0,39083000
0,18352000,1,3,-18352000
39369000,0,0,2,39369000
40000000,0,0,2,40000000
0,5999000,1,1,-5999000
40000000,0,0,2,40000000
40000000,0,0,2,40000000
0,17152000,1,3,-17152000
40000000,0,0,2,40000000
0,10483000,1,1,-10483000
39376000,0,0,2,39376000
39985000,0,0,0,39985000
0,19409000,1,1,-19409000
40000000,0,0,0,40000000
40000000,0,0,2,40000000
40000000,0,0,2,40000000
39477000,0,0,0,39477000
40000000,0,0,2,40000000
40000000,0,0,0,40000000
40000000,0,0,2,40000000
39651000,0,0,0,39651000
40000000,0,0,2,40000000
39072000,0,0,0,39072000
40000000,0,0,2,40000000
0,7475000,1,3,-7475000
40000000,0,0,0,40000000
40000000,0,0,2,40000000
40000000,0,0,0,40000000
39407000,0,0,2,39407000
40000000,0,0,2,40000000
40000000,0,0,2,40000000
0,14650000,1,1,-14650000
40000000,0,0,0,40000000
0,8133000,1,1,-8133000
40000000,0,0,0,40000000
0,16349000,1,1,-16349000
0,9085000,1,1,-9085000
40000000,0,0,0,40000000
0,18432000,1,3,-18432000
0,11814000,1,1,-11814000
0,16580000,1,1,-16580000
40000000,0,0,0,40000000
0,19861000,1,1,-19861000
0,5619000,1,3,-5619000
0,18576000,1,3,-18576000
0,12069000,1,1,-12069000
0,14283000,1,3,-14283000
0,13931000,1,3,-13931000
0,6871000,1,1,-6871000
0,19374000,1,3,-19374000
0,8577000,1,3,-8577000
39053000,0,0,2,39053000
0,16733000,1,1,-16733000
0,12654000,1,1,-12654000
39580000,0,0,0,39580000
0,7695000,1,1,-7695000
39426000,0,0,2,39426000
0,6321000,1,1,-6321000
0,18006000,1,3,-18006000
39869000,0,0,0,39869000
39744000,0,0,2,39744000
40000000,0,0,0,40000000
40000000,0,0,0,40000000
40000000,0,0,0,40000000
0,13405000,1,3,-13405000
0,7411000,1,1,-7411000
0,7701000,1,1,-7701000
39592000,0,0,0,39592000
38869000,0,0,0,38869000
40000000,0,0,2,40000000
0,10731000,1,3,-10731000
40000000,0,0,2,40000000
40000000,0,0,2,40000000
0,5625000,1,1,-5625000
39099000,0,0,2,39099000
0,19148000,1,3,-19148000
0,16186000,1,1,-16186000
0,7125000,1,1,-7125000
40000000,0,0,2,40000000
40000000,0,0,2,40000000
0,8105000,1,1,-8105000
40000000,0,0,2,40000000
0,9147000,1,3,-9147000
0,12402000,1,1,-12402000
0,15390000,1,3,-15390000
40000000,0,0,0,40000000
39541000,0,0,0,39541000
38766000,0,0,2,38766000
0,7434000,1,3,-7434000
40000000,0,0,2,40000000
0,18185000,1,1,-18185000
40000000,0,0,0,40000000
0,14394000,1,1,-14394000
0,12380000,1,3,-12380000
0,16910000,1,3,-16910000
0,17933000,1,3,-17933000
39827000,0,0,2,39827000
40000000,0,0,2,40000000
40000000,0,0,2,40000000
40000000,0,0,2,40000000
0,11430000,1,3,-11430000
0,5356000,1,1,-5356000
0,5432000,1,1,-5432000
0,12798000,1,1,-12798000
39838000,0,0,0,39838000
0,7274000,1,1,-7274000
40000000,0,0,0,40000000
40000000,0,0,2,40000000
40000000,0,0,0,40000000
39499000,0,0,2,39499000
0,11779000,1,3,-11779000
40000000,0,0,0,40000000
0,6569000,1,1,-6569000
0,16374000,1,3,-16374000
40000000,0,0,2,40000000
0,16565000,1,1,-16565000
0,9872000,1,3,-9872000
0,9575000,1,3,-9575000
40000000,0,0,0,40000000
0,7995000,1,3,-7995000
40000000,0,0,0,40000000
0,7946000,1,1,-7946000
40000000,0,0,2,40000000
40000000,0,0,0,40000000
40000000,0,0,2,40000000
40000000,0,0,2,40000000
39093000,0,0,2,39093000
40000000,0,0,0,40000000
0,9443000,1,3,-9443000
39022000,0,0,0,39022000
38669000,0,0,2,38669000
0,15570000,1,3,-15570000
0,11244000,1,3,-11244000
39141000,0,0,0,39141000
0,16507000,1,3,-16507000
38156000,0,0,2,38156000
38164000,0,0,0,38164000
38902000,0,0,0,38902000
40000000,0,0,2,40000000
0,11280000,1,1,-11280000
39018000,0,0,0,39018000
0,5241000,1,3,-5241000
40000000,0,0,2,40000000
39330000,0,0,0,39330000
0,14636000,1,3,-14636000
0,6435000,1,3,-6435000
40000000,0,0,0,40000000
40000000,0,0,2,40000000
40000000,0,0,0,40000000
40000000,0,0,0,40000000
40000000,0,0,0,40000000
0,12592000,1,1,-12592000
39683000,0,0,0,39683000
40000000,0,0,0,40000000
40000000,0,0,2,40000000
0,6927000,1,1,-6927000
40000000,0,0,0,40000000
0,11884000,1,1,-11884000
0,17912000,1,1,-17912000
39825000,0,0,0,39825000
0,17287000,1,3,-17287000
0,10452000,1,3,-10452000
0,18436000,1,1,-18436000
0,5004000,1,1,-5004000
0,16346000,1,3,-16346000
39244000,0,0,2,39244000
40000000,0,0,0,40000000
0,13803000,1,1,-13803000
40000000,0,0,2,40000000
39480000,0,0,0,39480000
40000000,0,0,2,40000000
0,15502000,1,1,-15502000
39861000,0,0,0,39861000
39159000,0,0,0,39159000
39983000,0,0,0,39983000
40000000,0,0,2,40000000
0,14197000,1,3,-14197000
40000000,0,0,0,40000000
39226000,0,0,0,39226000
0,12402000,1,3,-12402000
0,10451000,1,3,-10451000
0,10255000,1,1,-10255000
0,7170000,1,1,-7170000
38236000,0,0,2,38236000
0,6598000,1,1,-6598000
0,13487000,1,1,-13487000
0,15517000,1,3,-15517000
0,19724000,1,1,-19724000
0,19284000,1,1,-19284000
0,11439000,1,3,-11439000
0,7613000,1,3,-7613000
0,9654000,1,1,-9654000
0,9279000,1,1,-9279000
39924000,0,0,0,39924000
0,17785000,1,3,-17785000
0,18371000,1,1,-18371000
40000000,0,0,0,40000000
40000000,0,0,2,40000000
40000000,0,0,0,40000000
39623000,0,0,0,39623000
0,12777000,1,3,-12777000
38982000,0,0,0,38982000
38951000,0,0,0,38951000
0,10845000,1,1,-10845000
39313000,0,0,2,39313000
0,7640000,1,1,-7640000
0,19626000,1,3,-19626000
40000000,0,0,2,40000000
0,10586000,1,3,-10586000
0,10273000,1,1,-10273000
40000000,0,0,2,40000000
0,18971000,1,1,-18971000
0,12638000,1,1,-12638000
0,8279000,1,1,-8279000
0,17053000,1,3,-17053000
39565000,0,0,0,39565000
0,7493000,1,1,-7493000
40000000,0,0,2,40000000
40000000,0,0,0,40000000
39007000,0,0,2,39007000
0,19203000,1,3,-19203000
0,19735000,1,3,-19735000
0,15092000,1,3,-15092000
38050000,0,0,2,38050000
40000000,0,0,2,40000000
0,17127000,1,1,-17127000
40000000,0,0,2,40000000
40000000,0,0,2,40000000
39957000,0,0,0,39957000
0,19250000,1,3,-19250000
40000000,0,0,0,40000000
0,17140000,1,1,-17140000
39616000,0,0,2,39616000
39290000,0,0,2,39290000
39117000,0,0,2,39117000
0,17976000,1,3,-17976000
40000000,0,0,2,40000000
40000000,0,0,2,40000000
40000000,0,0,0,40000000
39933000,0,0,2,39933000
40000000,0,0,0,40000000
40000000,0,0,2,40000000
0,17663000,1,1,-17663000
40000000,0,0,2,40000000
40000000,0,0,2,40000000
40000000,0,0,2,40000000
0,8754000,1,1,-8754000
0,19322000,1,1,-19322000
40000000,0,0,2,40000000
40000000,0,0,0,40000000
39762000,0,0,0,39762000
40000000,0,0,0,40000000
39108000,0,0,0,39108000
40000000,0,0,0,40000000
40000000,0,0,0,40000000
40000000,0,0,0,40000000
39382000,0,0,2,39382000
0,10958000,1,1,-10958000
0,16642000,1,3,-16642000
39048000,0,0,2,39048000
0,11068000,1,1,-11068000
0,11611000,1,1,-11611000
38740000,0,0,2,38740000
39352000,0,0,0,39352000
0,17855000,1,3,-17855000
40000000,0,0,0,40000000
40000000,0,0,0,40000000
40000000,0,0,2,40000000
40000000,0,0,2,40000000
40000000,0,0,2,40000000
0,18216000,1,1,-18216000
39131000,0,0,2,39131000
0,12566000,1,1,-12566000
38828000,0,0,2,38828000
0,14746000,1,1,-14746000
38564000,0,0,2,38564000
39012000,0,0,2,39012000
39986000,0,0,0,39986000
39759000,0,0,0,39759000
0,18532000,1,3,-18532000
40000000,0,0,0,40000000
39227000,0,0,2,39227000
39896000,0,0,2,39896000
0,19621000,1,3,-19621000
38954000,0,0,0,38954000
38104000,0,0,0,38104000
0,7482000,1,1,-7482000
0,14321000,1,3,-14321000
38694000,0,0,2,38694000
0,19263000,1,1,-19263000
0,18292000,1,1,-18292000
39906000,0,0,0,39906000
0,15858000,1,1,-15858000
0,15598000,1,3,-15598000
0,11869000,1,3,-11869000
0,18603000,1,3,-18603000
0,12249000,1,1,-12249000
40000000,0,0,0,40000000
0,8841000,1,1,-8841000
0,16984000,1,3,-16984000
40000000,0,0,2,40000000
40000000,0,0,2,40000000
39159000,0,0,0,39159000
0,11713000,1,3,-11713000
40000000,0,0,0,40000000
40000000,0,0,0,40000000
39529000,0,0,2,39529000
39082000,0,0,2,39082000
40000000,0,0,2,40000000
0,11765000,1,1,-11765000
0,10950000,1,3,-10950000
0,17057000,1,1,-17057000
0,17687000,1,3,-17687000
0,10645000,1,3,-10645000
39927000,0,0,2,39927000
40000000,0,0,0,40000000
0,19113000,1,3,-19113000
0,5695000,1,1,-5695000
39201000,0,0,2,39201000
38385000,0,0,2,38385000
0,5966000,1,3,-5966000
39547000,0,0,2,39547000
40000000,0,0,0,40000000
39224000,0,0,0,39224000
39446000,0,0,0,39446000
40000000,0,0,2,40000000
0,13981000,1,1,-13981000
40000000,0,0,2,40000000
40000000,0,0,0,40000000
0,12281000,1,3,-12281000
39456000,0,0,0,39456000
39162000,0,0,2,39162000
0,11702000,1,1,-11702000
0,6215000,1,3,-6215000
38964000,0,0,2,38964000
40000000,0,0,2,40000000
0,13300000,1,1,-13300000
39892000,0,0,0,39892000
0,13905000,1,3,-13905000
40000000,0,0,2,40000000
39008000,0,0,2,39008000
0,11538000,1,1,-11538000
0,8583000,1,3,-8583000
38253000,0,0,2,38253000
0,13288000,1,1,-13288000
0,11238000,1,1,-11238000
37708000,0,0,0,37708000
0,14946000,1,1,-14946000
0,15707000,1,3,-15707000
38989000,0,0,0,38989000
40000000,0,0,2,40000000
40000000,0,0,0,40000000
39720000,0,0,2,39720000
0,17296000,1,1,-17296000
39573000,0,0,2,39573000
0,19730000,1,3,-19730000
38918000,0,0,0,38918000
0,9763000,1,1,-9763000
38997000,0,0,0,38997000
40000000,0,0,2,40000000
40000000,0,0,0,40000000
40000000,0,0,2,40000000
40000000,0,0,2,40000000
40000000,0,0,2,40000000
39943000,0,0,0,39943000
40000000,0,0,2,40000000
39266000,0,0,2,39266000
39884000,0,0,0,39884000
0,17580000,1,1,-17580000
39463000,0,0,2,39463000
0,10219000,1,3,-10219000
40000000,0,0,0,40000000
0,18560000,1,3,-18560000
40000000,0,0,2,40000000
40000000,0,0,2,40000000
0,13698000,1,3,-13698000
40000000,0,0,2,40000000
0,6092000,1,1,-6092000
0,14524000,1,1,-14524000
0,16392000,1,1,-16392000
0,10785000,1,3,-10785000
0,11781000,1,3,-11781000
40000000,0,0,0,40000000
40000000,0,0,2,40000000
0,12422000,1,3,-12422000
0,6193000,1,3,-6193000
40000000,0,0,2,40000000
0,19145000,1,1,-19145000
39994000,0,0,2,39994000
0,15497000,1,3,-15497000
0,5980000,1,3,-5980000
0,7537000,1,3,-7537000
0,8648000,1,1,-8648000
39450000,0,0,2,39450000
40000000,0,0,0,40000000
40000000,0,0,2,40000000
40000000,0,0,0,40000000
0,15697000,1,1,-15697000
0,6093000,1,1,-6093000
0,6895000,1,1,-6895000
40000000,0,0,0,40000000
39030000,0,0,0,39030000
0,10079000,1,3,-10079000
0,18754000,1,3,-18754000
0,5928000,1,3,-5928000
40000000,0,0,0,40000000
40000000,0,0,0,40000000
39987000,0,0,2,39987000
39175000,0,0,0,39175000
40000000,0,0,0,40000000
0,10662000,1,3,-10662000
0,9571000,1,3,-9571000
0,9472000,1,1,-9472000
0,6409000,1,3,-6409000
0,16498000,1,3,-16498000
0,16782000,1,1,-16782000
39754000,0,0,0,39754000
39784000,0,0,0,39784000
40000000,0,0,0,40000000
40000000,0,0,0,40000000
40000000,0,0,0,40000000
39260000,0,0,0,39260000
40000000,0,0,0,40000000
0,14590000,1,3,-14590000
40000000,0,0,2,40000000
0,8827000,1,1,-8827000
0,17382000,1,1,-17382000
40000000,0,0,0,40000000
40000000,0,0,0,40000000
40000000,0,0,2,40000000
39423000,0,0,2,39423000
38622000,0,0,0,38622000
39053000,0,0,0,39053000
39055000,0,0,2,39055000
39487000,0,0,0,39487000
0,16416000,1,3,-16416000
40000000,0,0,0,40000000
40000000,0,0,0,40000000
0,14810000,1,3,-14810000
0,18392000,1,3,-18392000
39192000,0,0,0,39192000
0,14347000,1,1,-14347000
39478000,0,0,2,39478000
0,9079000,1,1,-9079000
40000000,0,0,0,40000000
40000000,0,0,2,40000000
40000000,0,0,2,40000000
39103000,0,0,0,39103000
40000000,0,0,0,40000000
40000000,0,0,2,40000000
0,13923000,1,3,-13923000
40000000,0,0,2,40000000
39872000,0,0,0,39872000
0,13856000,1,1,-13856000
0,6607000,1,1,-6607000
0,16223000,1,3,-16223000
39809000,0,0,2,39809000
0,10626000,1,3,-10626000
40000000,0,0,2,40000000
39665000,0,0,0,39665000
40000000,0,0,2,40000000
0,5803000,1,3,-5803000
0,12831000,1,3,-12831000
39584000,0,0,0,39584000
0,6867000,1,1,-6867000
0,8988000,1,1,-8988000
0,16829000,1,1,-16829000
39810000,0,0,2,39810000
0,6793000,1,1,-6793000
0,13904000,1,1,-13904000
39099000,0,0,0,39099000
39559000,0,0,2,39559000
40000000,0,0,0,40000000
0,16478000,1,3,-16478000
0,8236000,1,1,-8236000
40000000,0,0,0,40000000
0,9732000,1,1,-9732000
0,19343000,1,3,-19343000
0,11520000,1,3,-11520000
0,16377000,1,3,-16377000
40000000,0,0,0,40000000
40000000,0,0,2,40000000
0,11987000,1,3,-11987000
0,17112000,1,3,-17112000
0,5450000,1,1,-5450000
0,9153000,1,1,-9153000
0,11143000,1,1,-11143000
0,6302000,1,1,-6302000
39179000,0,0,2,39179000
0,18489000,1,1,-18489000
0,15908000,1,3,-15908000
40000000,0,0,0,40000000
0,12895000,1,3,-12895000
0,5478000,1,3,-5478000
39779000,0,0,0,39779000
0,8737000,1,1,-8737000
39064000,0,0,0,39064000
38733000,0,0,0,38733000
0,12249000,1,1,-12249000
40000000,0,0,0,40000000
40000000,0,0,2,40000000
0,12807000,1,3,-12807000
39502000,0,0,0,39502000
0,9191000,1,1,-9191000
39782000,0,0,2,39782000
40000000,0,0,0,40000000
0,8573000,1,1,-8573000
39289000,0,0,0,39289000
38633000,0,0,0,38633000
38894000,0,0,2,38894000
38279000,0,0,2,38279000
0,12418000,1,1,-12418000
0,18338000,1,3,-18338000
0,9082000,1,1,-9082000
40000000,0,0,2,40000000
0,11144000,1,3,-11144000
0,5450000,1,3,-5450000
39540000,0,0,2,39540000
0,18451000,1,1,-18451000
0,17504000,1,1,-17504000
0,8994000,1,3,-8994000
0,18467000,1,1,-18467000
40000000,0,0,2,40000000
40000000,0,0,2,40000000
0,10026000,1,3,-10026000
39911000,0,0,2,39911000
0,19547000,1,3,-19547000
39751000,0,0,0,39751000
40000000,0,0,0,40000000
40000000,0,0,0,40000000
0,13591000,1,3,-13591000
0,10002000,1,1,-10002000
39798000,0,0,2,39798000
40000000,0,0,0,40000000
0,17586000,1,3,-17586000
40000000,0,0,2,40000000
0,16999000,1,1,-16999000
0,11359000,1,3,-11359000
40000000,0,0,0,40000000
0,17315000,1,3,-17315000
40000000,0,0,0,40000000
0,14096000,1,1,-14096000
0,17339000,1,3,-17339000
40000000,0,0,2,40000000
0,19451000,1,3,-19451000
0,12642000,1,3,-12642000
0,11115000,1,1,-11115000
40000000,0,0,2,40000000
0,6586000,1,1,-6586000
39341000,0,0,2,39341000
40000000,0,0,0,40000000
0,11179000,1,3,-11179000
0,15781000,1,1,-15781000
0,8896000,1,1,-8896000
40000000,0,0,2,40000000
39827000,0,0,2,39827000
39781000,0,0,2,39781000
40000000,0,0,2,40000000
0,9463000,1,3,-9463000
0,5755000,1,3,-5755000
0,16432000,1,1,-16432000
40000000,0,0,0,40000000
0,15386000,1,1,-15386000
40000000,0,0,2,40000000
40000000,0,0,0,40000000
0,17790000,1,3,-17790000
0,8777000,1,3,-8777000
40000000,0,0,2,40000000
0,9814000,1,1,-9814000
40000000,0,0,0,40000000
39095000,0,0,0,39095000
0,11489000,1,3,-11489000
40000000,0,0,2,40000000
0,19875000,1,1,-19875000
39844000,0,0,2,39844000
39415000,0,0,0,39415000
0,19467000,1,3,-19467000
0,5310000,1,3,-5310000
0,5442000,1,1,-5442000
0,12059000,1,1,-12059000
40000000,0,0,0,40000000
40000000,0,0,2,40000000
39568000,0,0,2,39568000
0,13792000,1,3,-13792000
40000000,0,0,0,40000000
39284000,0,0,0,39284000
0,7003000,1,3,-7003000
39852000,0,0,2,39852000
0,18233000,1,3,-18233000
0,12767000,1,1,-12767000
40000000,0,0,0,40000000
0,12851000,1,1,-12851000
0,16276000,1,1,-16276000
39683000,0,0,0,39683000
40000000,0,0,0,40000000
0,19258000,1,1,-19258000
40000000,0,0,0,40000000
0,5064000,1,1,-5064000
39872000,0,0,2,39872000
0,12001000,1,3,-12001000
0,7701000,1,1,-7701000
0,6746000,1,1,-6746000
39591000,0,0,2,39591000
0,6431000,1,1,-6431000
40000000,0,0,0,40000000
0,14356000,1,1,-14356000
39682000,0,0,2,39682000
0,16145000,1,3,-16145000
0,5549000,1,3,-5549000
0,13258000,1,3,-13258000
0,8020000,1,3,-8020000
40000000,0,0,2,40000000
39806000,0,0,2,39806000
40000000,0,0,0,40000000
40000000,0,0,0,40000000
0,12446000,1,3,-12446000
0,11622000,1,1,-11622000
40000000,0,0,2,40000000
40000000,0,0,2,40000000
40000000,0,0,2,40000000
40000000,0,0,0,40000000
0,7279000,1,1,-7279000
40000000,0,0,2,40000000
40000000,0,0,0,40000000
0,11060000,1,1,-11060000
40000000,0,0,2,40000000
0,12379000,1,3,-12379000
0,15099000,1,1,-15099000
0,13564000,1,1,-13564000
39837000,0,0,0,39837000
40000000,0,0,0,40000000
0,17275000,1,1,-17275000
0,13461000,1,3,-13461000
40000000,0,0,0,40000000
40000000,0,0,2,40000000
40000000,0,0,2,40000000
40000000,0,0,0,40000000
40000000,0,0,2,40000000
0,17638000,1,1,-17638000
39864000,0,0,0,39864000
0,16083000,1,3,-16083000
40000000,0,0,0,40000000
40000000,0,0,2,40000000
0,11746000,1,1,-11746000
0,5301000,1,3,-5301000
39082000,0,0,2,39082000
39545000,0,0,2,39545000
0,9873000,1,1,-9873000
40000000,0,0,0,40000000
40000000,0,0,0,40000000
40000000,0,0,0,40000000
40000000,0,0,0,40000000
0,7184000,1,3,-7184000
40000000,0,0,0,40000000
39672000,0,0,2,39672000
38688000,0,0,0,38688000
0,18930000,1,3,-18930000
0,13004000,1,1,-13004000
0,10581000,1,3,-10581000
0,18493000,1,3,-18493000
38882000,0,0,2,38882000
0,16602000,1,3,-16602000
38795000,0,0,2,38795000
38784000,0,0,0,38784000
0,14602000,1,3,-14602000
0,17450000,1,3,-17450000
0,12784000,1,3,-12784000
0,16382000,1,1,-16382000
37799000,0,0,0,37799000
36964000,0,0,0,36964000
36113000,0,0,0,36113000
36630000,0,0,2,36630000
38539000,0,0,0,38539000
37694000,0,0,2,37694000
0,18160000,1,3,-18160000
0,19570000,1,3,-19570000
39420000,0,0,0,39420000
40000000,0,0,0,40000000
0,9381000,1,1,-9381000
0,9015000,1,3,-9015000
0,12009000,1,1,-12009000
0,15218000,1,3,-15218000
0,16382000,1,1,-16382000
40000000,0,0,0,40000000
39818000,0,0,2,39818000
0,13204000,1,1,-13204000
0,12972000,1,3,-12972000
40000000,0,0,0,40000000
39271000,0,0,0,39271000
0,19981000,1,3,-19981000
40000000,0,0,2,40000000
0,18699000,1,1,-18699000
0,16874000,1,3,-16874000
0,15438000,1,3,-15438000
0,13963000,1,3,-13963000
40000000,0,0,2,40000000
0,7827000,1,1,-7827000
0,17965000,1,3,-17965000
0,13133000,1,3,-13133000
0,6129000,1,1,-6129000
40000000,0,0,0,40000000
0,8298000,1,3,-8298000
0,19536000,1,3,-19536000
39734000,0,0,0,39734000
0,14471000,1,3,-14471000
39855000,0,0,0,39855000
40000000,0,0,0,40000000
0,12235000,1,1,-12235000
39600000,0,0,2,39600000
0,5448000,1,1,-5448000
40000000,0,0,2,40000000
0,5230000,1,1,-5230000
0,11128000,1,3,-11128000
0,14282000,1,3,-14282000
40000000,0,0,0,40000000
0,10888000,1,1,-10888000
0,6378000,1,3,-6378000
0,5711000,1,1,-5711000
40000000,0,0,2,40000000
39967000,0,0,2,39967000
0,10207000,1,3,-10207000
0,6413000,1,1,-6413000
0,15172000,1,1,-15172000
40000000,0,0,2,40000000
39629000,0,0,2,39629000
40000000,0,0,0,40000000
0,9539000,1,3,-9539000
0,7928000,1,3,-7928000
0,10786000,1,1,-10786000
0,15472000,1,1,-15472000
39411000,0,0,2,39411000
39739000,0,0,2,39739000
0,19898000,1,1,-19898000
0,12105000,1,1,-12105000
40000000,0,0,2,40000000
0,12098000,1,3,-12098000
40000000,0,0,0,40000000
0,12634000,1,1,-12634000
40000000,0,0,2,40000000
39769000,0,0,0,39769000
0,16416000,1,1,-16416000
40000000,0,0,2,40000000
0,9232000,1,1,-9232000
0,7806000,1,3,-7806000
0,7652000,1,1,-7652000
40000000,0,0,2,40000000
39349000,0,0,2,39349000
38735000,0,0,2,38735000
39710000,0,0,2,39710000
39221000,0,0,0,39221000
40000000,0,0,2,40000000
40000000,0,0,2,40000000
0,11933000,1,3,-11933000
40000000,0,0,2,40000000
40000000,0,0,2,40000000
40000000,0,0,2,40000000
39181000,0,0,0,39181000
40000000,0,0,0,40000000
0,15538000,1,1,-15538000
0,18250000,1,3,-18250000
39935000,0,0,0,39935000
0,11555000,1,1,-11555000
40000000,0,0,2,40000000
0,18121000,1,1,-18121000
0,14604000,1,3,-14604000
0,12303000,1,1,-12303000
40000000,0,0,0,40000000
0,7435000,1,3,-7435000
0,9531000,1,1,-9531000
0,8566000,1,3,-8566000
0,7837000,1,3,-7837000
40000000,0,0,0,40000000
40000000,0,0,2,40000000
0,8290000,1,1,-8290000
0,14592000,1,1,-14592000
0,6027000,1,3,-6027000
40000000,0,0,2,40000000
40000000,0,0,2,40000000
39225000,0,0,0,39225000
39925000,0,0,2,39925000
0,6893000,1,3,-6893000
40000000,0,0,2,40000000
39438000,0,0,2,39438000
40000000,0,0,0,40000000
39257000,0,0,2,39257000
39455000,0,0,2,39455000
0,15538000,1,1,-15538000
40000000,0,0,2,40000000
40000000,0,0,2,40000000
39110000,0,0,0,39110000
40000000,0,0,2,40000000
0,12237000,1,1,-12237000
0,13255000,1,1,-13255000
40000000,0,0,2,40000000
0,14970000,1,3,-14970000
0,11962000,1,3,-11962000
0,15951000,1,3,-15951000
40000000,0,0,2,40000000
0,19572000,1,1,-19572000
0,6553000,1,3,-6553000
0,6509000,1,3,-6509000
39508000,0,0,2,39508000
40000000,0,0,0,40000000
40000000,0,0,2,40000000
39997000,0,0,2,39997000
0,6635000,1,3,-6635000
0,7421000,1,3,-7421000
0,16866000,1,1,-16866000
39747000,0,0,2,39747000
39091000,0,0,2,39091000
39158000,0,0,2,39158000
0,16144000,1,1,-16144000
39950000,0,0,0,39950000
39651000,0,0,2,39651000
39435000,0,0,0,39435000
0,18570000,1,3,-18570000
0,7230000,1,3,-7230000
38516000,0,0,2,38516000
38337000,0,0,2,38337000
39106000,0,0,0,39106000
38477000,0,0,0,38477000
0,8329000,1,1,-8329000
39030000,0,0,0,39030000
0,17320000,1,3,-17320000
0,7008000,1,1,-7008000
39141000,0,0,0,39141000
0,17502000,1,3,-17502000
0,7892000,1,1,-7892000
40000000,0,0,0,40000000
0,14105000,1,3,-14105000
0,13228000,1,3,-13228000
39313000,0,0,2,39313000
40000000,0,0,2,40000000
0,15124000,1,1,-15124000
0,16961000,1,3,-16961000
0,10948000,1,1,-10948000
0,5196000,1,3,-5196000
0,7634000,1,1,-7634000
40000000,0,0,2,40000000
39663000,0,0,0,39663000
0,13235000,1,3,-13235000
39678000,0,0,2,39678000
40000000,0,0,2,40000000
0,6563000,1,1,-6563000
0,15692000,1,3,-15692000
0,17204000,1,1,-17204000
0,19126000,1,3,-19126000
40000000,0,0,0,40000000
40000000,0,0,2,40000000
0,12809000,1,3,-12809000
40000000,0,0,2,40000000
40000000,0,0,0,40000000
40000000,0,0,0,40000000
0,15485000,1,1,-15485000
0,15727000,1,1,-15727000
0,16068000,1,1,-16068000
0,6483000,1,3,-6483000
40000000,0,0,2,40000000
39467000,0,0,2,39467000
39768000,0,0,2,39768000
0,14231000,1,1,-14231000
40000000,0,0,0,40000000
0,16575000,1,1,-16575000
39549000,0,0,0,39549000
0,11731000,1,1,-11731000
0,5812000,1,1,-5812000
40000000,0,0,2,40000000
40000000,0,0,0,40000000
40000000,0,0,0,40000000
0,8809000,1,3,-8809000
40000000,0,0,2,40000000
0,13836000,1,1,-13836000
0,16837000,1,1,-16837000
40000000,0,0,2,40000000
0,19247000,1,1,-19247000
0,17997000,1,3,-17997000
0,8212000,1,3,-8212000
40000000,0,0,2,40000000
0,8506000,1,3,-8506000
0,8994000,1,3,-8994000
40000000,0,0,2,40000000
0,16244000,1,1,-16244000
39682000,0,0,2,39682000
40000000,0,0,0,40000000
40000000,0,0,2,40000000
0,15227000,1,3,-15227000
40000000,0,0,2,40000000
40000000,0,0,2,40000000
40000000,0,0,2,40000000
0,19889000,1,1,-19889000
39821000,0,0,2,39821000
40000000,0,0,0,40000000
0,9071000,1,1,-9071000
0,10644000,1,3,-10644000
39556000,0,0,2,39556000
40000000,0,0,2,40000000
39405000,0,0,2,39405000
0,13093000,1,3,-13093000
40000000,0,0,0,40000000
0,10366000,1,1,-10366000
0,11293000,1,3,-11293000
0,19428000,1,3,-19428000
0,13388000,1,3,-13388000
0,9889000,1,1,-9889000
0,5258000,1,3,-5258000
0,18530000,1,1,-18530000
40000000,0,0,2,40000000
0,8873000,1,3,-8873000
0,7576000,1,3,-7576000
40000000,0,0,2,40000000
40000000,0,0,2,40000000
0,12289000,1,1,-12289000
0,9015000,1,3,-9015000
40000000,0,0,2,40000000
0,17954000,1,3,-17954000
0,17756000,1,3,-17756000
39535000,0,0,2,39535000
39987000,0,0,2,39987000
0,14073000,1,3,-14073000
0,15451000,1,1,-15451000
0,15536000,1,1,-15536000
0,13337000,1,3,-13337000
39204000,0,0,2,39204000
0,18646000,1,1,-18646000
0,17015000,1,3,-17015000
0,16663000,1,3,-16663000
39467000,0,0,2,39467000
0,18946000,1,1,-18946000
0,12474000,1,1,-12474000
0,8802000,1,1,-8802000
0,14723000,1,3,-14723000
39392000,0,0,2,39392000
0,17249000,1,3,-17249000
0,18840000,1,1,-18840000
40000000,0,0,2,40000000
0,18744000,1,3,-18744000
39067000,0,0,2,39067000
0,6233000,1,3,-6233000
38757000,0,0,2,38757000
0,6682000,1,1,-6682000
39842000,0,0,2,39842000
40000000,0,0,2,40000000
0,15242000,1,1,-15242000
39955000,0,0,2,39955000
40000000,0,0,2,40000000
0,19331000,1,1,-19331000
40000000,0,0,0,40000000
0,5007000,1,1,-5007000
40000000,0,0,2,40000000
0,11909000,1,1,-11909000
0,14763000,1,3,-14763000
0,18897000,1,3,-18897000
40000000,0,0,0,40000000
40000000,0,0,2,40000000
40000000,0,0,0,40000000
0,12514000,1,1,-12514000
39389000,0,0,2,39389000
0,16053000,1,1,-16053000
0,18196000,1,1,-18196000
0,6306000,1,1,-6306000
38738000,0,0,2,38738000
39638000,0,0,0,39638000
0,11175000,1,1,-11175000
0,18486000,1,1,-18486000
0,16558000,1,3,-16558000
0,9636000,1,1,-9636000
40000000,0,0,2,40000000
40000000,0,0,2,40000000
0,9653000,1,1,-9653000
0,13292000,1,1,-13292000
39459000,0,0,0,39459000
40000000,0,0,0,40000000
0,9196000,1,1,-9196000
0,17324000,1,1,-17324000
0,13754000,1,1,-13754000
0,10111000,1,1,-10111000
0,10939000,1,1,-10939000
39252000,0,0,2,39252000
38499000,0,0,2,38499000
38418000,0,0,2,38418000
0,17658000,1,1,-17658000
0,16806000,1,3,-16806000
0,7863000,1,3,-7863000
37518000,0,0,2,37518000
39205000,0,0,0,39205000
40000000,0,0,2,40000000
0,5515000,1,3,-5515000
0,8054000,1,3,-8054000
40000000,0,0,0,40000000
40000000,0,0,0,40000000
0,7353000,1,1,-7353000
40000000,0,0,0,40000000
39618000,0,0,0,39618000
0,17977000,1,3,-17977000
0,5346000,1,3,-5346000
40000000,0,0,2,40000000
39422000,0,0,0,39422000
0,15065000,1,1,-15065000
38587000,0,0,2,38587000
40000000,0,0,0,40000000
40000000,0,0,2,40000000
39034000,0,0,2,39034000
38257000,0,0,0,38257000
0,16395000,1,3,-16395000
37529000,0,0,2,37529000
36618000,0,0,0,36618000
37269000,0,0,0,37269000
36781000,0,0,2,36781000
0,7843000,1,1,-7843000
38654000,0,0,2,38654000
0,9214000,1,1,-9214000
0,9634000,1,1,-9634000
37801000,0,0,2,37801000
0,10844000,1,1,-10844000
38721000,0,0,2,38721000
0,13591000,1,3,-13591000
39948000,0,0,2,39948000
0,10239000,1,1,-10239000
39723000,0,0,0,39723000
0,13499000,1,3,-13499000
40000000,0,0,2,40000000
40000000,0,0,2,40000000
40000000,0,0,0,40000000
40000000,0,0,0,40000000
0,17283000,1,1,-17283000
39748000,0,0,2,39748000
0,5419000,1,1,-5419000
0,19377000,1,3,-19377000
40000000,0,0,0,40000000
0,13556000,1,3,-13556000
0,15000000,1,1,-15000000
40000000,0,0,0,40000000
0,17768000,1,1,-17768000
0,7876000,1,3,-7876000
0,5603000,1,3,-5603000
40000000,0,0,0,40000000
40000000,0,0,2,40000000
39790000,0,0,0,39790000
40000000,0,0,0,40000000
0,16298000,1,3,-16298000
0,16399000,1,1,-16399000
39478000,0,0,0,39478000
39837000,0,0,2,39837000
0,6741000,1,1,-6741000
39888000,0,0,2,39888000
40000000,0,0,0,40000000
0,7045000,1,3,-7045000
40000000,0,0,2,40000000
0,12586000,1,3,-12586000
0,18554000,1,1,-18554000
0,15715000,1,1,-15715000
0,11047000,1,1,-11047000
0,18602000,1,1,-18602000
0,14936000,1,3,-14936000
40000000,0,0,0,40000000
40000000,0,0,0,40000000
0,18232000,1,3,-18232000
39521000,0,0,0,39521000
0,12420000,1,1,-12420000
0,8226000,1,3,-8226000
40000000,0,0,2,40000000
40000000,0,0,2,40000000
40000000,0,0,0,40000000
39930000,0,0,2,39930000
39284000,0,0,0,39284000
0,8812000,1,3,-8812000
40000000,0,0,2,40000000
40000000,0,0,0,40000000
40000000,0,0,0,40000000
39087000,0,0,0,39087000
0,13039000,1,1,-13039000
40000000,0,0,0,40000000
0,16884000,1,3,-16884000
0,6581000,1,3,-6581000
39275000,0,0,2,39275000
0,10310000,1,3,-10310000
0,15991000,1,1,-15991000
40000000,0,0,0,40000000
39384000,0,0,0,39384000
0,6171000,1,3,-6171000
0,13240000,1,1,-13240000
0,15446000,1,1,-15446000
39601000,0,0,2,39601000
39319000,0,0,2,39319000
38744000,0,0,0,38744000
0,12739000,1,3,-12739000
37884000,0,0,0,37884000
39790000,0,0,2,39790000
0,9886000,1,3,-9886000
0,14814000,1,3,-14814000
39262000,0,0,0,39262000
39591000,0,0,0,39591000
0,11594000,1,1,-11594000
0,9737000,1,3,-9737000
40000000,0,0,2,40000000
40000000,0,0,2,40000000
0,12210000,1,1,-12210000
39787000,0,0,0,39787000
39235000,0,0,2,39235000
38721000,0,0,0,38721000
0,10083000,1,3,-10083000
0,7876000,1,3,-7876000
0,17143000,1,1,-17143000
39875000,0,0,2,39875000
0,12384000,1,3,-12384000
40000000,0,0,0,40000000
0,15631000,1,1,-15631000
40000000,0,0,0,40000000
0,18129000,1,3,-18129000
0,14967000,1,3,-14967000
0,18235000,1,3,-18235000
40000000,0,0,2,40000000
40000000,0,0,2,40000000
40000000,0,0,0,40000000
0,7849000,1,3,-7849000
40000000,0,0,0,40000000
39680000,0,0,2,39680000
0,8338000,1,1,-8338000
0,14541000,1,3,-14541000
0,9457000,1,3,-9457000
40000000,0,0,2,40000000
40000000,0,0,0,40000000
0,19122000,1,1,-19122000
0,7844000,1,1,-7844000
39270000,0,0,2,39270000
40000000,0,0,0,40000000
40000000,0,0,2,40000000
0,9045000,1,3,-9045000
0,5507000,1,3,-5507000
0,16533000,1,3,-16533000
39074000,0,0,0,39074000
39074000,0,0,0,39074000
0,8463000,1,3,-8463000
38449000,0,0,0,38449000
40000000,0,0,2,40000000
0,19610000,1,3,-19610000
0,7682000,1,3,-7682000
40000000,0,0,2,40000000
40000000,0,0,2,40000000
0,10203000,1,1,-10203000
0,19490000,1,1,-19490000
0,10505000,1,1,-10505000
40000000,0,0,2,40000000
40000000,0,0,2,40000000
40000000,0,0,0,40000000
40000000,0,0,0,40000000
0,17816000,1,1,-17816000
40000000,0,0,2,40000000
0,13915000,1,3,-13915000
0,9945000,1,1,-9945000
40000000,0,0,0,40000000
40000000,0,0,2,40000000
0,7293000,1,3,-7293000
40000000,0,0,0,40000000
40000000,0,0,0,40000000
0,12563000,1,3,-12563000
39832000,0,0,0,39832000
0,13326000,1,1,-13326000
0,14384000,1,1,-14384000
39767000,0,0,0,39767000
0,9078000,1,3,-9078000
39699000,0,0,0,39699000
40000000,0,0,0,40000000
0,8286000,1,3,-8286000
39854000,0,0,0,39854000
40000000,0,0,2,40000000
40000000,0,0,0,40000000
0,13667000,1,1,-13667000
39321000,0,0,2,39321000
0,14291000,1,3,-14291000
0,5753000,1,3,-5753000
38609000,0,0,2,38609000
0,12196000,1,1,-12196000
0,10755000,1,1,-10755000
0,12600000,1,1,-12600000
37737000,0,0,0,37737000
0,9092000,1,3,-9092000
0,15013000,1,1,-15013000
0,19262000,1,3,-19262000
38372000,0,0,0,38372000
0,11033000,1,1,-11033000
39120000,0,0,2,39120000
0,10072000,1,1,-10072000
0,6981000,1,1,-6981000
0,14184000,1,1,-14184000
0,6843000,1,3,-6843000
0,8010000,1,1,-8010000
0,13490000,1,3,-13490000
40000000,0,0,2,40000000
40000000,0,0,0,40000000
39332000,0,0,2,39332000
40000000,0,0,0,40000000
39066000,0,0,2,39066000
39802000,0,0,0,39802000
39163000,0,0,0,39163000
38704000,0,0,0,38704000
0,5911000,1,1,-5911000
0,11921000,1,3,-11921000
0,11386000,1,3,-11386000
0,11235000,1,3,-11235000
38498000,0,0,0,38498000
39123000,0,0,0,39123000
0,15187000,1,3,-15187000
0,10004000,1,3,-10004000
0,19740000,1,1,-19740000
0,6773000,1,1,-6773000
38592000,0,0,0,38592000
38721000,0,0,2,38721000
0,7946000,1,1,-7946000
0,7981000,1,1,-7981000
38315000,0,0,0,38315000
0,18086000,1,3,-18086000
0,17512000,1,3,-17512000
37731000,0,0,0,37731000
0,6555000,1,3,-6555000
0,14131000,1,1,-14131000
0,7160000,1,1,-7160000
37537000,0,0,2,37537000
0,17492000,1,3,-17492000
0,6754000,1,3,-6754000
38370000,0,0,0,38370000
0,13082000,1,3,-13082000
0,14020000,1,1,-14020000
0,14310000,1,1,-14310000
39101000,0,0,2,39101000
38659000,0,0,0,38659000
39825000,0,0,2,39825000
0,8632000,1,3,-8632000
0,9624000,1,1,-9624000
40000000,0,0,0,40000000
39207000,0,0,0,39207000
40000000,0,0,2,40000000
0,5870000,1,3,-5870000
0,8765000,1,3,-8765000
0,7772000,1,3,-7772000
40000000,0,0,0,40000000
40000000,0,0,2,40000000
40000000,0,0,2,40000000
0,18135000,1,1,-18135000
39504000,0,0,2,39504000
0,13709000,1,1,-13709000
0,9333000,1,3,-9333000
39330000,0,0,0,39330000
0,15203000,1,3,-15203000
0,14111000,1,3,-14111000
0,11374000,1,1,-11374000
38593000,0,0,0,38593000
40000000,0,0,2,40000000
0,5226000,1,1,-5226000
0,16804000,1,1,-16804000
0,15367000,1,1,-15367000
39293000,0,0,0,39293000
0,11677000,1,1,-11677000
0,17577000,1,3,-17577000
0,12790000,1,3,-12790000
0,11952000,1,3,-11952000
0,15124000,1,1,-15124000
0,11898000,1,3,-11898000
39580000,0,0,0,39580000
40000000,0,0,0,40000000
0,19373000,1,1,-19373000
0,12113000,1,3,-12113000
40000000,0,0,2,40000000
40000000,0,0,2,40000000
0,8253000,1,1,-8253000
39629000,0,0,2,39629000
40000000,0,0,0,40000000
39762000,0,0,2,39762000
40000000,0,0,0,40000000
0,10275000,1,1,-10275000
0,19239000,1,3,-19239000
40000000,0,0,0,40000000
40000000,0,0,0,40000000
0,7774000,1,1,-7774000
39256000,0,0,2,39256000
38647000,0,0,2,38647000
0,11226000,1,3,-11226000
0,16941000,1,1,-16941000
38326000,0,0,2,38326000
38845000,0,0,2,38845000
0,8636000,1,1,-8636000
0,17743000,1,3,-17743000
39955000,0,0,2,39955000
0,13210000,1,3,-13210000
0,10632000,1,3,-10632000
0,9572000,1,1,-9572000
0,10219000,1,1,-10219000
0,9710000,1,1,-9710000
0,16364000,1,1,-16364000
39153000,0,0,2,39153000
39252000,0,0,0,39252000
0,13531000,1,3,-13531000
0,15737000,1,3,-15737000
40000000,0,0,0,40000000
39850000,0,0,0,39850000
0,12895000,1,1,-12895000
0,17082000,1,1,-17082000
0,18212000,1,3,-18212000
0,11715000,1,1,-11715000
39078000,0,0,2,39078000
0,14017000,1,3,-14017000
0,18419000,1,3,-18419000
40000000,0,0,0,40000000
39512000,0,0,2,39512000
0,9654000,1,1,-9654000
0,9550000,1,3,-9550000
0,10179000,1,3,-10179000
40000000,0,0,2,40000000
0,9919000,1,3,-9919000
0,15085000,1,1,-15085000
0,14681000,1,1,-14681000
0,9204000,1,3,-9204000
39015000,0,0,2,39015000
0,18584000,1,1,-18584000
0,9184000,1,1,-9184000
0,16006000,1,3,-16006000
0,15331000,1,1,-15331000
0,6317000,1,1,-6317000
39734000,0,0,0,39734000
40000000,0,0,2,40000000
0,6043000,1,3,-6043000
39702000,0,0,2,39702000
40000000,0,0,0,40000000
40000000,0,0,0,40000000
40000000,0,0,2,40000000
0,9168000,1,1,-9168000
0,8439000,1,1,-8439000
40000000,0,0,0,40000000
0,19296000,1,1,-19296000
0,10059000,1,1,-10059000
0,17624000,1,1,-17624000
0,17748000,1,3,-17748000
39073000,0,0,2,39073000
38222000,0,0,2,38222000
39661000,0,0,2,39661000
40000000,0,0,2,40000000
0,15952000,1,1,-15952000
0,14690000,1,1,-14690000
40000000,0,0,2,40000000
0,14092000,1,3,-14092000
0,14219000,1,1,-14219000
39321000,0,0,0,39321000
0,18370000,1,3,-18370000
40000000,0,0,0,40000000
39343000,0,0,2,39343000
0,9477000,1,1,-9477000
0,10348000,1,3,-10348000
0,12845000,1,1,-12845000
0,10714000,1,1,-10714000
0,13650000,1,1,-13650000
39976000,0,0,0,39976000
0,5330000,1,3,-5330000
0,11922000,1,1,-11922000
39033000,0,0,2,39033000
38796000,0,0,2,38796000
38447000,0,0,0,38447000
0,9454000,1,3,-9454000
0,15033000,1,3,-15033000
38516000,0,0,2,38516000
0,16996000,1,3,-16996000
0,11012000,1,1,-11012000
0,14998000,1,3,-14998000
0,7390000,1,3,-7390000
38245000,0,0,2,38245000
0,10678000,1,1,-10678000
37996000,0,0,2,37996000
0,16833000,1,1,-16833000
0,10775000,1,3,-10775000
0,7423000,1,1,-7423000
0,10395000,1,3,-10395000
0,13905000,1,1,-13905000
0,17698000,1,1,-17698000
0,7780000,1,1,-7780000
0,6367000,1,3,-6367000
0,11627000,1,3,-11627000
0,9959000,1,3,-9959000
0,18330000,1,1,-18330000
0,10434000,1,3,-10434000
39214000,0,0,0,39214000
0,13291000,1,3,-13291000
40000000,0,0,2,40000000
39950000,0,0,0,39950000
40000000,0,0,0,40000000
40000000,0,0,2,40000000
40000000,0,0,2,40000000
0,8909000,1,3,-8909000
39676000,0,0,2,39676000
39139000,0,0,2,39139000
0,18768000,1,3,-18768000
0,14571000,1,3,-14571000
40000000,0,0,2,40000000
0,19487000,1,3,-19487000
0,12086000,1,3,-12086000
40000000,0,0,0,40000000
40000000,0,0,0,40000000
0,7231000,1,3,-7231000
40000000,0,0,2,40000000
0,10762000,1,1,-10762000
40000000,0,0,2,40000000
0,13077000,1,1,-13077000
0,10433000,1,3,-10433000
0,11276000,1,1,-11276000
40000000,0,0,0,40000000
0,11437000,1,1,-11437000
0,16123000,1,3,-16123000
40000000,0,0,0,40000000
40000000,0,0,0,40000000
40000000,0,0,0,40000000
0,16072000,1,1,-16072000
39741000,0,0,2,39741000
0,10649000,1,1,-10649000
40000000,0,0,2,40000000
40000000,0,0,2,40000000
39564000,0,0,2,39564000
0,18918000,1,3,-18918000
0,12506000,1,1,-12506000
39020000,0,0,0,39020000
38174000,0,0,0,38174000
37791000,0,0,2,37791000
38902000,0,0,2,38902000
38037000,0,0,0,38037000
39118000,0,0,0,39118000
0,11496000,1,3,-11496000
0,11225000,1,3,-11225000
0,19289000,1,1,-19289000
38801000,0,0,0,38801000
38745000,0,0,2,38745000
37959000,0,0,0,37959000
39688000,0,0,2,39688000
39002000,0,0,0,39002000
40000000,0,0,2,40000000
40000000,0,0,0,40000000
40000000,0,0,0,40000000
0,12825000,1,3,-12825000
0,19883000,1,1,-19883000
0,17153000,1,3,-17153000
40000000,0,0,0,40000000
0,8243000,1,1,-8243000
40000000,0,0,2,40000000
39021000,0,0,0,39021000
38968000,0,0,0,38968000
37990000,0,0,0,37990000
39749000,0,0,2,39749000
40000000,0,0,2,40000000
40000000,0,0,2,40000000
39131000,0,0,2,39131000
0,9858000,1,3,-9858000
0,10783000,1,1,-10783000
0,10527000,1,1,-10527000
0,6166000,1,3,-6166000
39648000,0,0,0,39648000
39605000,0,0,2,39605000
39660000,0,0,2,39660000
38889000,0,0,2,38889000
40000000,0,0,2,40000000
0,16238000,1,3,-16238000
40000000,0,0,0,40000000
40000000,0,0,2,40000000
40000000,0,0,0,40000000
0,14318000,1,1,-14318000
0,13952000,1,1,-13952000
0,7759000,1,3,-7759000
39330000,0,0,2,39330000
0,12587000,1,3,-12587000
40000000,0,0,2,40000000
0,10462000,1,3,-10462000
40000000,0,0,2,40000000
0,12925000,1,1,-12925000
0,8484000,1,1,-8484000
0,5173000,1,1,-5173000
0,18685000,1,3,-18685000
0,18179000,1,1,-18179000
40000000,0,0,0,40000000
0,12635000,1,1,-12635000
40000000,0,0,2,40000000
40000000,0,0,2,40000000
0,15914000,1,3,-15914000
0,19851000,1,3,-19851000
0,9045000,1,3,-9045000
39621000,0,0,2,39621000
0,9659000,1,3,-9659000
0,17808000,1,1,-17808000
38745000,0,0,2,38745000
40000000,0,0,0,40000000
40000000,0,0,0,40000000
40000000,0,0,0,40000000
39915000,0,0,2,39915000
39953000,0,0,0,39953000
0,17580000,1,1,-17580000
40000000,0,0,2,40000000
0,17943000,1,3,-17943000
0,11192000,1,3,-11192000
40000000,0,0,2,40000000
0,10784000,1,3,-10784000
0,16030000,1,1,-16030000
0,6545000,1,1,-6545000
0,19358000,1,1,-19358000
40000000,0,0,0,40000000
0,7890000,1,3,-7890000
0,12240000,1,3,-12240000
39740000,0,0,0,39740000
0,8923000,1,1,-8923000
0,5287000,1,1,-5287000
0,6637000,1,1,-6637000
39009000,0,0,0,39009000
0,19977000,1,3,-19977000
0,14050000,1,1,-14050000
40000000,0,0,0,40000000
0,18709000,1,1,-18709000
0,11304000,1,1,-11304000
40000000,0,0,0,40000000
40000000,0,0,0,40000000
0,13654000,1,1,-13654000
39437000,0,0,2,39437000
40000000,0,0,2,40000000
40000000,0,0,2,40000000
0,15207000,1,3,-15207000
40000000,0,0,2,40000000
0,14966000,1,1,-14966000
0,15234000,1,3,-15234000
0,19108000,1,1,-19108000
40000000,0,0,0,40000000
40000000,0,0,2,40000000
0,15107000,1,3,-15107000
40000000,0,0,2,40000000
0,17298000,1,1,-17298000
0,19926000,1,3,-19926000
40000000,0,0,2,40000000
0,11907000,1,1,-11907000
0,9061000,1,3,-9061000
0,18444000,1,3,-18444000
39186000,0,0,0,39186000
39978000,0,0,0,39978000
39167000,0,0,2,39167000
0,10463000,1,1,-10463000
0,19706000,1,1,-19706000
0,15168000,1,3,-15168000
38255000,0,0,2,38255000
38354000,0,0,2,38354000
38000000,0,0,2,38000000
0,16182000,1,3,-16182000
38554000,0,0,2,38554000
38068000,0,0,0,38068000
0,12221000,1,1,-12221000
38239000,0,0,0,38239000
0,14460000,1,3,-14460000
39287000,0,0,0,39287000
0,17902000,1,3,-17902000
40000000,0,0,0,40000000
40000000,0,0,0,40000000
40000000,0,0,0,40000000
40000000,0,0,0,40000000
0,10284000,1,3,-10284000
40000000,0,0,2,40000000
0,18689000,1,3,-18689000
0,9822000,1,3,-9822000
0,5469000,1,3,-5469000
0,10508000,1,3,-10508000
0,19707000,1,3,-19707000
40000000,0,0,2,40000000
40000000,0,0,2,40000000
40000000,0,0,2,40000000
0,12978000,1,3,-12978000
0,18053000,1,1,-18053000
40000000,0,0,2,40000000
0,15451000,1,1,-15451000
40000000,0,0,0,40000000
39490000,0,0,2,39490000
40000000,0,0,0,40000000
40000000,0,0,0,40000000
0,10810000,1,1,-10810000
39075000,0,0,0,39075000
38564000,0,0,2,38564000
0,14492000,1,3,-14492000
38598000,0,0,0,38598000
0,12584000,1,3,-12584000
0,11427000,1,1,-11427000
0,12280000,1,1,-12280000
39819000,0,0,2,39819000
0,10260000,1,1,-10260000
38823000,0,0,0,38823000
40000000,0,0,0,40000000
40000000,0,0,2,40000000
0,12327000,1,3,-12327000
39275000,0,0,0,39275000
40000000,0,0,2,40000000
40000000,0,0,2,40000000
39207000,0,0,0,39207000
0,11097000,1,1,-11097000
40000000,0,0,2,40000000
39896000,0,0,0,39896000
39360000,0,0,0,39360000
0,5481000,1,1,-5481000
39159000,0,0,2,39159000
38196000,0,0,0,38196000
0,5572000,1,1,-5572000
0,9417000,1,3,-9417000
0,13106000,1,3,-13106000
38828000,0,0,2,38828000
40000000,0,0,2,40000000
39698000,0,0,2,39698000
0,7218000,1,3,-7218000
40000000,0,0,2,40000000
39386000,0,0,0,39386000
0,13648000,1,1,-13648000
0,7568000,1,3,-7568000
40000000,0,0,0,40000000
39838000,0,0,2,39838000
0,19545000,1,3,-19545000
0,17100000,1,3,-17100000
39859000,0,0,2,39859000
40000000,0,0,0,40000000
39227000,0,0,2,39227000
38228000,0,0,0,38228000
0,12800000,1,3,-12800000
0,12899000,1,1,-12899000
39439000,0,0,0,39439000
40000000,0,0,2,40000000
0,6406000,1,3,-6406000
0,12989000,1,1,-12989000
40000000,0,0,0,40000000
0,13591000,1,3,-13591000
40000000,0,0,2,40000000
40000000,0,0,0,40000000
39846000,0,0,0,39846000
38955000,0,0,2,38955000
40000000,0,0,2,40000000
40000000,0,0,2,40000000
40000000,0,0,0,40000000
0,8307000,1,3,-8307000
0,7122000,1,1,-7122000
39472000,0,0,2,39472000
0,18562000,1,3,-18562000
40000000,0,0,0,40000000
0,12539000,1,1,-12539000
0,5066000,1,3,-5066000
40000000,0,0,0,40000000
0,17606000,1,3,-17606000
39234000,0,0,0,39234000
38713000,0,0,2,38713000
0,12214000,1,3,-12214000
38980000,0,0,2,38980000
40000000,0,0,2,40000000
0,19386000,1,1,-19386000
0,10229000,1,1,-10229000
40000000,0,0,2,40000000
40000000,0,0,0,40000000
0,7609000,1,3,-7609000
0,8516000,1,3,-8516000
0,17766000,1,3,-17766000
40000000,0,0,2,40000000
39858000,0,0,2,39858000
40000000,0,0,0,40000000
40000000,0,0,2,40000000
40000000,0,0,2,40000000
0,8134000,1,3,-8134000
40000000,0,0,0,40000000
0,16453000,1,1,-16453000
39976000,0,0,2,39976000
39739000,0,0,2,39739000
40000000,0,0,2,40000000
40000000,0,0,0,40000000
0,9203000,1,1,-9203000
39992000,0,0,2,39992000
0,10958000,1,1,-10958000
40000000,0,0,0,40000000
40000000,0,0,2,40000000
0,19825000,1,3,-19825000
0,9450000,1,3,-9450000
0,12041000,1,3,-12041000
0,11505000,1,3,-11505000
39241000,0,0,0,39241000
0,13121000,1,1,-13121000
40000000,0,0,0,40000000
0,9806000,1,1,-9806000
39800000,0,0,2,39800000
0,6041000,1,3,-6041000
0,13992000,1,3,-13992000
0,13414000,1,1,-13414000
0,15161000,1,3,-15161000
0,10408000,1,3,-10408000
40000000,0,0,0,40000000
0,18770000,1,1,-18770000
40000000,0,0,2,40000000
0,9064000,1,3,-9064000
39044000,0,0,2,39044000
40000000,0,0,2,40000000
0,17483000,1,1,-17483000
40000000,0,0,0,40000000
0,18424000,1,3,-18424000
0,6348000,1,1,-6348000
39088000,0,0,0,39088000
0,10755000,1,3,-10755000
39685000,0,0,0,39685000
39053000,0,0,0,39053000
38631000,0,0,2,38631000
40000000,0,0,0,40000000
0,6860000,1,1,-6860000
40000000,0,0,0,40000000
0,13635000,1,3,-13635000
0,7504000,1,3,-7504000
0,14264000,1,3,-14264000
0,15015000,1,3,-15015000
0,14966000,1,1,-14966000
40000000,0,0,2,40000000
40000000,0,0,2,40000000
0,19383000,1,3,-19383000
40000000,0,0,2,40000000
0,10769000,1,1,-10769000
0,14771000,1,3,-14771000
0,8057000,1,3,-8057000
40000000,0,0,0,40000000
39660000,0,0,2,39660000
39224000,0,0,2,39224000
0,18235000,1,1,-18235000
0,7629000,1,1,-7629000
0,6793000,1,1,-6793000
39446000,0,0,2,39446000
0,15208000,1,3,-15208000
0,18781000,1,1,-18781000
0,18621000,1,3,-18621000
0,10745000,1,1,-10745000
38703000,0,0,2,38703000
0,8605000,1,3,-8605000
39417000,0,0,0,39417000
0,15800000,1,1,-15800000
0,8653000,1,1,-8653000
38998000,0,0,0,38998000
0,8694000,1,1,-8694000
38688000,0,0,0,38688000
38356000,0,0,2,38356000
0,13548000,1,1,-13548000
0,16108000,1,3,-16108000
0,16659000,1,1,-16659000
40000000,0,0,2,40000000
0,15486000,1,1,-15486000
0,9607000,1,3,-9607000
0,18856000,1,3,-18856000
0,10739000,1,3,-10739000
0,19017000,1,1,-19017000
0,6710000,1,1,-6710000
40000000,0,0,0,40000000
0,13314000,1,3,-13314000
0,7773000,1,1,-7773000
0,12166000,1,1,-12166000
40000000,0,0,2,40000000
39945000,0,0,2,39945000
0,7221000,1,3,-7221000
40000000,0,0,2,40000000
39906000,0,0,2,39906000
0,5498000,1,3,-5498000
39115000,0,0,0,39115000
0,6548000,1,3,-6548000
39871000,0,0,2,39871000
0,5278000,1,3,-5278000
39924000,0,0,0,39924000
40000000,0,0,2,40000000
40000000,0,0,2,40000000
0,8166000,1,1,-8166000
40000000,0,0,0,40000000
40000000,0,0,2,40000000
39983000,0,0,0,39983000
0,12382000,1,1,-12382000
0,7270000,1,1,-7270000
40000000,0,0,0,40000000
0,10405000,1,1,-10405000
39186000,0,0,0,39186000
0,16235000,1,1,-16235000
0,14038000,1,3,-14038000
0,14707000,1,3,-14707000
0,14725000,1,1,-14725000
0,5998000,1,1,-5998000
39881000,0,0,2,39881000
39068000,0,0,2,39068000
40000000,0,0,0,40000000
0,14833000,1,3,-14833000
0,5502000,1,1,-5502000
0,6812000,1,1,-6812000
0,10949000,1,3,-10949000
0,13695000,1,1,-13695000
40000000,0,0,0,40000000
0,15366000,1,3,-15366000
40000000,0,0,2,40000000
40000000,0,0,0,40000000
40000000,0,0,0,40000000
0,14028000,1,3,-14028000
39413000,0,0,2,39413000
39197000,0,0,2,39197000
38462000,0,0,0,38462000
40000000,0,0,0,40000000
0,17287000,1,3,-17287000
40000000,0,0,2,40000000
0,11051000,1,1,-11051000
39679000,0,0,2,39679000
40000000,0,0,2,40000000
0,8686000,1,1,-8686000
39709000,0,0,0,39709000
0,11631000,1,1,-11631000
38875000,0,0,0,38875000
0,13692000,1,1,-13692000
37981000,0,0,0,37981000
37576000,0,0,2,37576000
38235000,0,0,0,38235000
0,16833000,1,1,-16833000
0,11432000,1,1,-11432000
39021000,0,0,2,39021000
0,11496000,1,3,-11496000
38998000,0,0,0,38998000
0,10705000,1,3,-10705000
39906000,0,0,2,39906000
39518000,0,0,2,39518000
39778000,0,0,2,39778000
0,14615000,1,3,-14615000
40000000,0,0,0,40000000
0,14062000,1,1,-14062000
39456000,0,0,2,39456000
40000000,0,0,2,40000000
39821000,0,0,2,39821000
40000000,0,0,2,40000000
0,15812000,1,1,-15812000
0,16589000,1,3,-16589000
39834000,0,0,0,39834000
40000000,0,0,0,40000000
39942000,0,0,2,39942000
0,14975000,1,3,-14975000
0,12801000,1,1,-12801000
0,8434000,1,1,-8434000
40000000,0,0,0,40000000
0,15045000,1,3,-15045000
0,17236000,1,3,-17236000
40000000,0,0,2,40000000
0,17537000,1,1,-17537000
39558000,0,0,2,39558000
0,19229000,1,1,-19229000
39788000,0,0,0,39788000
0,16993000,1,3,-16993000
40000000,0,0,2,40000000
39680000,0,0,2,39680000
0,13962000,1,1,-13962000
40000000,0,0,0,40000000
39762000,0,0,2,39762000
0,17738000,1,1,-17738000
0,15667000,1,1,-15667000
38805000,0,0,0,38805000
38533000,0,0,2,38533000
0,7164000,1,3,-7164000
0,7257000,1,3,-7257000
38719000,0,0,2,38719000
0,8612000,1,3,-8612000
0,6434000,1,3,-6434000
39070000,0,0,0,39070000
40000000,0,0,2,40000000
0,10382000,1,3,-10382000
0,8297000,1,1,-8297000
39187000,0,0,0,39187000
39819000,0,0,0,39819000
0,8984000,1,1,-8984000
0,18420000,1,3,-18420000
40000000,0,0,2,40000000
0,12504000,1,3,-12504000
39963000,0,0,2,39963000
40000000,0,0,0,40000000
40000000,0,0,0,40000000
40000000,0,0,2,40000000
0,17714000,1,1,-17714000
0,12151000,1,1,-12151000
40000000,0,0,2,40000000
39904000,0,0,0,39904000
0,18806000,1,1,-18806000
40000000,0,0,0,40000000
0,7346000,1,3,-7346000
0,11283000,1,1,-11283000
40000000,0,0,0,40000000
0,16124000,1,3,-16124000
0,12050000,1,3,-12050000
0,5421000,1,1,-5421000
0,7046000,1,1,-7046000
40000000,0,0,2,40000000
0,16924000,1,1,-16924000
0,17648000,1,1,-17648000
40000000,0,0,0,40000000
40000000,0,0,0,40000000
40000000,0,0,2,40000000
39780000,0,0,0,39780000
40000000,0,0,2,40000000
39412000,0,0,2,39412000
39999000,0,0,2,39999000
40000000,0,0,0,40000000
0,15815000,1,1,-15815000
0,9658000,1,1,-9658000
0,7470000,1,1,-7470000
40000000,0,0,2,40000000
0,10183000,1,3,-10183000
0,14868000,1,3,-14868000
0,8468000,1,1,-8468000
0,12959000,1,3,-12959000
40000000,0,0,0,40000000
40000000,0,0,2,40000000
0,5853000,1,1,-5853000
0,8899000,1,3,-8899000
40000000,0,0,2,40000000
0,9865000,1,3,-9865000
0,14424000,1,1,-14424000
0,12061000,1,1,-12061000
40000000,0,0,0,40000000
40000000,0,0,2,40000000
40000000,0,0,2,40000000
0,14378000,1,3,-14378000
40000000,0,0,2,40000000
0,11059000,1,1,-11059000
0,19107000,1,3,-19107000
0,19237000,1,3,-19237000
0,18485000,1,1,-18485000
0,14656000,1,3,-14656000
0,19793000,1,1,-19793000
0,11091000,1,1,-11091000
40000000,0,0,0,40000000
40000000,0,0,2,40000000
40000000,0,0,0,40000000
40000000,0,0,0,40000000
0,8385000,1,1,-8385000
40000000,0,0,0,40000000
40000000,0,0,0,40000000
40000000,0,0,2,40000000
0,16667000,1,1,-16667000
0,16638000,1,3,-16638000
0,6722000,1,3,-6722000
0,10199000,1,3,-10199000
0,17719000,1,1,-17719000
0,13736000,1,3,-13736000
40000000,0,0,2,40000000
39894000,0,0,0,39894000
39179000,0,0,2,39179000
40000000,0,0,0,40000000
40000000,0,0,0,40000000
0,11704000,1,3,-11704000
39110000,0,0,0,39110000
0,15921000,1,3,-15921000
38403000,0,0,0,38403000
0,7179000,1,1,-7179000
39710000,0,0,0,39710000
40000000,0,0,2,40000000
40000000,0,0,0,40000000
40000000,0,0,0,40000000
40000000,0,0,2,40000000
40000000,0,0,2,40000000
0,8622000,1,3,-8622000
40000000,0,0,2,40000000
39604000,0,0,0,39604000
0,19635000,1,1,-19635000
0,6273000,1,3,-6273000
40000000,0,0,2,40000000
40000000,0,0,0,40000000
39534000,0,0,2,39534000
40000000,0,0,2,40000000
40000000,0,0,2,40000000
39451000,0,0,2,39451000
0,17175000,1,1,-17175000
39209000,0,0,0,39209000
0,10597000,1,3,-10597000
0,10696000,1,1,-10696000
39647000,0,0,2,39647000
0,8951000,1,3,-8951000
40000000,0,0,0,40000000
39084000,0,0,0,39084000
0,12253000,1,3,-12253000
0,5329000,1,1,-5329000
38462000,0,0,2,38462000
40000000,0,0,0,40000000
0,9041000,1,3,-9041000
40000000,0,0,2,40000000
39329000,0,0,2,39329000
0,15978000,1,3,-15978000
0,17522000,1,1,-17522000
0,13653000,1,1,-13653000
0,10861000,1,1,-10861000
0,6019000,1,3,-6019000
0,10562000,1,3,-10562000
0,14913000,1,3,-14913000
0,18004000,1,3,-18004000
0,9950000,1,1,-9950000
0,11547000,1,3,-11547000
0,13009000,1,1,-13009000
40000000,0,0,0,40000000
0,17284000,1,3,-17284000
0,15446000,1,1,-15446000
40000000,0,0,0,40000000
0,19345000,1,1,-19345000
40000000,0,0,2,40000000
39412000,0,0,0,39412000
39680000,0,0,0,39680000
40000000,0,0,0,40000000
40000000,0,0,0,40000000
0,15139000,1,3,-15139000
40000000,0,0,2,40000000
0,8540000,1,1,-8540000
40000000,0,0,2,40000000
0,10539000,1,1,-10539000
0,18586000,1,3,-18586000
0,16640000,1,3,-16640000
40000000,0,0,2,40000000
0,9115000,1,3,-9115000
0,8884000,1,3,-8884000
0,6125000,1,1,-6125000
0,6712000,1,3,-6712000
39945000,0,0,2,39945000
39533000,0,0,2,39533000
0,8873000,1,3,-8873000
40000000,0,0,0,40000000
40000000,0,0,2,40000000
40000000,0,0,0,40000000
0,13990000,1,3,-13990000
40000000,0,0,0,40000000
40000000,0,0,2,40000000
0,11716000,1,1,-11716000
40000000,0,0,0,40000000
39983000,0,0,0,39983000
0,16995000,1,3,-16995000
40000000,0,0,2,40000000
39182000,0,0,0,39182000
38416000,0,0,0,38416000
40000000,0,0,2,40000000
0,16168000,1,3,-16168000
0,13070000,1,3,-13070000
40000000,0,0,2,40000000
40000000,0,0,2,40000000
40000000,0,0,2,40000000
40000000,0,0,0,40000000
40000000,0,0,2,40000000
40000000,0,0,0,40000000
0,7436000,1,3,-7436000
39090000,0,0,2,39090000
39081000,0,0,0,39081000
39663000,0,0,2,39663000
40000000,0,0,2,40000000
40000000,0,0,0,40000000
40000000,0,0,0,40000000
0,7716000,1,3,-7716000
40000000,0,0,2,40000000
0,15014000,1,3,-15014000
0,15736000,1,1,-15736000
0,7731000,1,3,-7731000
0,17511000,1,3,-17511000
0,6418000,1,3,-6418000
40000000,0,0,0,40000000
39268000,0,0,2,39268000
0,9253000,1,3,-9253000
0,8904000,1,1,-8904000
0,16784000,1,1,-16784000
0,14277000,1,3,-14277000
40000000,0,0,2,40000000
40000000,0,0,2,40000000
40000000,0,0,0,40000000
0,17069000,1,3,-17069000
0,16616000,1,3,-16616000
40000000,0,0,2,40000000
40000000,0,0,0,40000000
0,16246000,1,3,-16246000
0,15948000,1,3,-15948000
0,19429000,1,1,-19429000
0,14229000,1,3,-14229000
0,5006000,1,1,-5006000
39663000,0,0,0,39663000
0,8840000,1,3,-8840000
0,5132000,1,1,-5132000
0,14434000,1,1,-14434000
39122000,0,0,0,39122000
38164000,0,0,2,38164000
0,12405000,1,3,-12405000
39259000,0,0,2,39259000
0,11176000,1,1,-11176000
40000000,0,0,0,40000000
0,6336000,1,3,-6336000
40000000,0,0,0,40000000
0,13457000,1,3,-13457000
0,7539000,1,3,-7539000
0,15251000,1,3,-15251000
40000000,0,0,0,40000000
40000000,0,0,0,40000000
0,12592000,1,3,-12592000
40000000,0,0,0,40000000
39174000,0,0,0,39174000
38354000,0,0,2,38354000
37757000,0,0,0,37757000
38912000,0,0,0,38912000
0,15100000,1,1,-15100000
0,17734000,1,3,-17734000
39852000,0,0,2,39852000
0,9729000,1,1,-9729000
40000000,0,0,2,40000000
39605000,0,0,2,39605000
0,17772000,1,1,-17772000
0,14181000,1,3,-14181000
0,19232000,1,1,-19232000
40000000,0,0,2,40000000
39513000,0,0,0,39513000
0,9059000,1,1,-9059000
0,15882000,1,1,-15882000
39057000,0,0,2,39057000
38154000,0,0,0,38154000
0,18595000,1,3,-18595000
0,18476000,1,3,-18476000
0,17019000,1,3,-17019000
40000000,0,0,0,40000000
0,7098000,1,1,-7098000
0,19958000,1,1,-19958000
39395000,0,0,0,39395000
0,5953000,1,3,-5953000
0,19295000,1,1,-19295000
40000000,0,0,0,40000000
40000000,0,0,0,40000000
39556000,0,0,0,39556000
39001000,0,0,2,39001000
39032000,0,0,0,39032000
0,14260000,1,1,-14260000
40000000,0,0,0,40000000
40000000,0,0,2,40000000
0,16389000,1,3,-16389000
0,14486000,1,1,-14486000
0,11948000,1,1,-11948000
39217000,0,0,0,39217000
39146000,0,0,0,39146000
39914000,0,0,0,39914000
40000000,0,0,0,40000000
39356000,0,0,0,39356000
0,7980000,1,3,-7980000
0,17019000,1,3,-17019000
40000000,0,0,0,40000000
0,19135000,1,1,-19135000
0,9532000,1,1,-9532000
0,6722000,1,3,-6722000
39182000,0,0,2,39182000
0,17644000,1,3,-17644000
40000000,0,0,2,40000000
40000000,0,0,0,40000000
0,12768000,1,1,-12768000
40000000,0,0,2,40000000
40000000,0,0,0,40000000
40000000,0,0,2,40000000
39342000,0,0,0,39342000
0,10784000,1,1,-10784000
38630000,0,0,2,38630000
0,6117000,1,1,-6117000
40000000,0,0,2,40000000
0,10499000,1,1,-10499000
39163000,0,0,0,39163000
0,9535000,1,1,-9535000
40000000,0,0,0,40000000
0,8205000,1,1,-8205000
40000000,0,0,0,40000000
39816000,0,0,2,39816000
0,10266000,1,3,-10266000
39779000,0,0,0,39779000
0,6821000,1,3,-6821000
39426000,0,0,0,39426000
0,11069000,1,1,-11069000
39286000,0,0,0,39286000
